#C:/Users/timos/Documents/GitHub/simulating-vaccinations/code/network.py
# GMT Sun Dec  2 15:29:17 2018
# 
0 2 3 4 8 11 12 14 15 20 37 39 48 50 58 71 73 84 94 105 136 154 166 170 178 209 223 224 225 232 248 300 338 342 355 358 365 379 381 395 425 445 469 470 495 544 551 554 558 568 631 638 643 663 721 742 775 851 870 919 940 945 962 971 1007 1028 1031 1189 1192 1195 1196 1215 1258 1275 1294 1403 1571 1609 1624 1635 1669 1709 1715 1785 1789 1811 1855 1917 1930
1 2 1111 1431
2 3 4 5 7 16 19 36 38 42 46 48 78 113 176 225 285 297 392 414 459 618 627 686 692 798 860 898 936 973 974 1038 1060 1085 1151 1177 1375 1445 1696 1839
3 5 6 7 10 11 13 15 18 23 25 26 28 41 43 51 58 60 64 67 74 79 93 98 101 111 121 124 136 148 151 162 176 179 184 206 210 212 235 295 298 301 302 335 343 352 354 363 373 388 390 408 424 432 438 439 455 488 498 511 516 518 582 594 597 598 599 605 609 627 633 634 644 649 654 655 656 667 689 726 740 750 768 797 803 817 825 828 829 843 849 857 901 902 977 1005 1011 1027 1033 1036 1074 1090 1098 1115 1142 1156 1157 1174 1182 1200 1235 1253 1287 1288 1289 1291 1317 1335 1348 1360 1410 1442 1448 1460 1470 1507 1509 1526 1549 1574 1577 1649 1687 1738 1766 1769 1778 1791 1795 1796 1812 1853 1856 1887 1895 1926 1938 1964 1967 1970 1980
4 6 9 16 30 33 35 47 79 107 115 231 245 250 259 306 387 435 461 610 612 619 666 748 751 762 840 846 870 872 1085 1112 1238 1453 1697 1716 1797 1823 1979 1997
5 8 9 10 13 18 21 23 31 34 43 50 85 90 92 103 110 115 116 127 131 135 144 149 172 174 177 182 188 194 208 211 213 226 246 253 310 313 333 339 368 379 402 409 411 441 475 490 494 515 528 554 583 591 592 594 645 660 663 669 762 768 776 784 791 798 834 835 853 858 943 988 1073 1081 1084 1119 1178 1186 1196 1214 1220 1236 1250 1260 1282 1327 1367 1422 1424 1427 1540 1555 1575 1580 1624 1628 1654 1676 1755 1798 1831 1975 1991
6 57 88 100 106 131 178 199 220 266 338 340 414 425 446 456 487 531 564 587 786 791 1122 1170 1399 1750 1879
7 21 38 61 219 240 302 375 420 444 486 515 580 856 979 1023 1105 1510 1872
8 12 27 44 55 99 165 166 314 345 461 563 635 675 723 855 983 984 1177 1259 1418 1648 1863
9 22 156 177 349 351 378 735 911 1049 1117 1637 1733
10 17 29 33 45 62 83 91 94 97 124 157 196 201 218 229 261 359 375 434 437 502 532 536 607 668 675 695 718 729 774 874 894 903 924 948 952 995 998 1038 1093 1169 1183 1204 1205 1208 1266 1304 1359 1498 1514 1544 1567 1581 1597 1601 1615 1704 1705 1758 1974
11 19 20 24 28 59 63 66 108 109 114 117 118 119 121 122 142 148 152 175 179 213 257 276 280 453 508 568 639 750 864 905 1113 1216 1249 1522 1595 1616 1634 1657 1664 1713 1756 1950
12 41 244 265 273 402 615 624 646 685 712 1003 1305 1323 1477 1558 1721
13 14 30 45 87 105 127 137 180 216 260 290 331 334 386 546 747 788 897 1242 1256 1554 1753 1977
14 17 31 80 129 151 393 519 676 725 903 1037 1144 1570 1849
15 1353
16 54 673 751 813 1408 1481 1606 1987
17 24 36 42 51 61 66 71 74 75 87 89 104 113 125 134 184 191 233 294 415 422 449 451 454 460 496 500 556 557 636 664 716 749 770 809 832 833 852 1047 1050 1186 1217 1247 1276 1396 1481 1532 1569 1647 1698 1709 1721 1857 1906 1927 1943 1952 1978
18 25 27 29 39 49 171 301 401 416 470 534 559 684 1269 1934
19 26 327 772 1124 1869
20 52 72 77 78 97 133 154 160 171 181 185 221 227 249 259 317 323 330 430 514 620 622 748 967 1048 1095 1114 1116 1206 1224 1271 1304 1452 1521 1615 1671 1746 1774 1842 1844 1955 1961
21 22 32 40 53 82 84 95 112 138 273 284 285 313 392 437 696 787 824 909 969 1137 1166 1229 1426 1823
22 49 69 355 396 403 428 458 468 500 694 936 1330 1381
23 76 234 265 317 380 382 485 518 572 953 1061 1287 1344 1663 1832 1939
24 191 849 1474
25 44 146 296 708 710 1203 1258 1374 1528
26 114 336 545 547 1244 1806
27 35 47 62 68 100 104 163 169 183 219 286 326 352 366 369 403 429 435 457 472 491 499 508 539 562 598 685 721 724 739 793 889 921 950 990 997 1083 1123 1135 1246 1251 1310 1406 1461 1479 1639 1683 1762 1780 1808 1896 1914 1999
28 40 60 96 140 262 512 1137 1263 1300 1349 1404 1409 1531 1968
29 64 116 145 187 283 297 341 604 610 625 687 699 767 794 1652
30 34 55 72 109 117 547 652 726 815 987 1130 1215 1252 1300 1303 1365 1381 1502 1596 1608 1675 1692 1743 1764 1902
31 32 111 128 155 221 965 978
32 123 139 198 405 423 864 1063 1091 1472
33 56 81 167 238 329 1043 1482 1594 1760 1761 1763 1820
34 57 203 204 228 271 289 294 299 349 389 400 489 530 603 634 639 777 899 924 927 964 965 1019 1183 1717 1730 1789 1824 1948
35 193 584 744 1069
36 37 125 146 149 158 232 268 279 395 421 471 507 552 628 732 789 838 860 997 1001 1022 1033 1084 1100 1128 1354 1538 1545 1818 1868 1924 1988
37
38 70 427 647 905
39 320 360 1065 1119 1228 1760
40 54 103 132 144 173 224 372 477 711 829 922 1134 1226 1322 1629 1773 1790 1822 1899 1918
41 674 1554
42 88 108 112 255 533 820 834 1114 1339 1419 1568 1666 1728 1839 1856 1922
43 46 443 835 885 1216
44 52 67 90 91 119 130 132 279 290 363 377 409 452 458 467 505 548 581 641 658 715 743 769 792 800 893 915 981 1070 1225 1231 1315 1519 1664 1946 1947
45 53 137 161 216 258 368 398 497 499 541 604 630 752 759 882 917 992 1020 1292 1366 1450 1547 1702 1763
46 1383 1469 1562
47 153 276 305 345 601 661 697 720 753 918 1096 1174 1318 1540 1853
48
49 56 70 75 102 307 502 520 955 1388 1553 1695 1735 1843
50 169 236 827 1675 1873
51 485 1427 1581 1666
52 59 65 73 81 153 158 189 214 237 240 243 258 353 450 640 661 716 1262 1352 1390 1407 1515 1542 1584 1740 1869 1959 1979
53 134 230 308 426 431 1438 1543 1636 1772
54 63 497 665
55 118 141 330 867 914 931 1055 1417
56 1889
57
58 122 129 510 570 735 753 971 990 1050 1108 1472 1642 1711 1770 1780 1986
59 76 86 195 239 382 484 493 622 681 1041 1145 1512 1708 1972
60 147 150 304 333 629 1131 1260
61 65 95 98 128 139 157 168 190 380 440 474 1132 1644 1687 1690 1704
62 68 69 133 235 869 891
63 308
64 93 202 771 1273
65 77 204 233 250 309 316 326 387 390 466 522 530 633 687 933 956 1126 1468
66 92 101 187 443 562 623 669 919 920 1147 1395 1618 1707
67 155
68 102 110 130 247 319 353 424 577 650 679 707 819 959 968 1053 1054 1101 1190 1274 1386 1389 1473 1538 1541 1816
69 143 201 249 342 410 474 479 488 670 754 1220 1252 1496 1533
70 96 126 332 354 821 1063 1069 1133 1179 1238 1504 1698 1762
71 80 156 253 471 902 1408 1663
72 99 192 256 419 641 1751 1954
73 175 1157
74 82 89 152 164 237 314 324 343 686 743 778 781 1313 1501 1815
75 86 123 126 174 222 228 261 262 291 311 336 350 367 383 465 507 606 621 705 779 793 843 880 899 951 977 1013 1029 1051 1080 1094 1118 1255 1358 1360 1433 1779 1906 1945
76 365 481 690 782 1228 1354 1752 1819 1984
77 83 107 206 464 494 538 1885 1998
78 120 214 1112 1479 1668 1699
79 141 245 1781
80 162 436 446 459 674 799 909 1015 1032 1235 1451 1582 1681 1830
81 85 150 243 319 328 348 360 411 467 551 651 892 1071 1961
82 281 543 715 738
83 106 212 372 401 540 692 1293 1566 1822
84 282 416 456 1000 1040 1109 1628 1936
85 194 282 490 1105 1288
86 230 1025 1099
87 263 327 362 429 600 855 1023 1650
88 287 303 320 524 559 564 569 579 614 680 954 1039 1416 1487 1542 1565 1583 1638 1640 1749
89 120 534 550 873 1534
90 147 205 257 384 825 929 1109 1564 1610 1679
91 556 1578
92 299 1061 1532
93 288 962 1873
94 195 196 366 857
95 182 351 371 478 571 699 1044 1247 1274 1507 1851
96 399 454 469 539 1772
97 1173
98 142 172 281 312 404 584 600 1324 1560
99 159 272 364 407 455 623 659 822 1007 1371 1516 1546 1754 1919
100 143 567 714 1431
101 188 348 679 943 1104 1609 1889 1993
102 135 145 199 205 234 730 822 1006 1088 1179 1553 1965
103 164 202 210 295 305 346 457 613 614 626 828 926 950 1265 1440 1469 1514 1790
104 269 274
105 200 1130
106 283 506 620 878 1207 1745
107 217 284 388 533 1205 1957
108 779
109 163 189 269 514 608 719 912 963 1168 1232 1275 1706
110 211 555 608 1771
111 428 649 718 734 1490 1505 1830
112 334 1278 1340 1425
113 359 938 1086
114 160 226 247 466 867 1140 1143 1229 1888
115
116 1441
117 733
118
119 159 329 397 503 523 720 756 1154 1241 1279 1468 1652 1784 1989
120 168 227 449 932 975 1693 1910
121 1582
122 242 267 818 1004 1506
123
124 170
125 1104 1365
126 208 759
127 309
128 894 908 1311
129
130 248 252 357 916 1074 1923
131 255 613 1489 1737
132 138 241 370 652 832 1239 1602 1953
133 161 531 1000 1820 1888
134 140 241 337 347
135 316 809
136 242 1831
137 412 697 1870 1905
138 215 472 1363 1665 1851
139 197 236 322 397 784 875 1031 1148 1328 1506 1512 1847 1886
140 173 251 264 278 328 332 436 632 1308 1331 1912
141 220
142 217 292 1307
143 370
144 800 1056
145 186 256 376 468 558 578 812 1725
146 207 325 361 719 728 941 1081 1144 1158 1176 1556 1937
147 207 561 671 871 1282 1428 1810
148 165 193 393 582 758 792 1340
149 595
150 306 463 464 672 1107 1585
151 263 381 1170 1907 1908
152 947
153
154 183 186 341 637 773 1103 1138 1175 1400 1466 1805
155 391 1158
156 222 239 535 737 963 1079 1602 1912
157 190 340 433 527 702 988 1090 1367 1475
158 203 1996
159 782 1419
160 167 246 1008 1255 1499 1607 1728
161 215 790 1237 1292
162 673 922 1307
163 197 346 407 698 1182 1358
164 552
165 272 280 364 729 1208
166 289 296 399 526 662 882 1086 1416 1592 1607
167 811 1769
168 486 678 937 1093 1311 1377 1985
169 229 298 512 513 549 643 941 1018 1271 1324 1380 1491 1960
170 180 185 304 417 513 1077 1278 1723 1841 1992
171 218 448 589 794 942 1372 1746
172 209 260 532 574 1298
173 181 231 384 465 535 807 982 1747
174 383 1320 1402
175 576
176 1767
177 1245 1400
178 244 495 1269
179
180 442 616 700 764 837 1087 1190 1604 1914 1927 1935
181 1249
182 1312 1885 1962
183 418 985 1209 1361 1428 1699
184 251 378 998 1145
185 517 597 616 914 937
186 374 1972
187 300 335 415 452 522 723
188 200 223 1243
189 412 601 1034 1574 1897
190 192 549
191 266 356 442 565 632 1397 1456 1809
192
193 277 581 693 994
194 198 267 830 1030 1227 1240 1483
195 476 928 1091 1193 1882 1965
196 481 717 1394 1901
197
198 526
199 586 704 1139 1372 1503 1593 1717
200 421 431 576 863 1012
201 1634
202 270 358 907 1786 1911
203 238 252 275 475 587 590 655 722 911 986 1172 1546 1951
204 958 1848
205 1891
206 976
207 682 1524
208
209 286 315 361
210 369 517 1618
211 310 612 736 1265
212 621
213 1233
214 1421
215
216 783 823 1700
217
218 270 322 646 1107 1150 1314 1739
219 293 473 605 725 861 1096 1136 1222
220 1362 1860
221 585
222 516 557
223
224 271 642 802 1054 1303 1497 1590 1800 1848
225 254 569 873 1294
226 291 959 1424 1915
227 287 657 1281
228 1250 1612
229
230 473 861
231 1087 1471
232 420 544 757 813 1041 1187
233 1236
234 1403
235 312 521 1500
236 315 391 854 1455 1527
237 347 505 545 561 1273
238 357 1370
239 1627
240 711
241 981
242 318 1800 1827
243 1523 1590
244 323 432 521 1003 1573
245 264 278 337 540 701 862 1362 1432 1744 1942
246 274 373 1323 1439
247 275 318 736 868 961 984 1454
248 254 277 293 504 946 1065 1224 1569
249 642 1064 1344 1359 1401
250 570 812 1707
251 626 677 765 1449 1672
252
253 268 653 703 884 1014 1396
254 292 430 480 666 749 910 923 980 994 1026 1290 1766
255 307 406 541 1420
256 529 916
257 555
258 396 853
259
260 356 422 462 630 1221
261
262 493 1199
263 377 448 478 1101 1106 1167
264
265 321 1415
266
267 877 1254
268 404 482 837 1286 1691 1855
269
270 394 1916
271 781 785 1722 1813 1934
272 339 344 1796
273 303 847
274 374 413 1121
275 311 1742
276
277 331
278 980 1009 1477 1588
279 367 1799
280 321 325 441 869 1289 1557 1658
281 1871
282 445 904 1397 1924
283 987 1042 1497 1612 1783 1794 1875
284 999 1679 1743
285 288 460 592 886 953 1661
286 410 709 1903
287 1432
288 483 1415 1943
289 1393
290 1306 1678 1723
291 453 985
292
293 510 574 606 637 859 1680
294 1505
295 527 1436 1518 1719 1727 1970
296 689
297 509
298 524 948 1280 1573
299 506 989 1064 1334 1825
300 406 487 580 808 830 839 1134 1277 1592 1619
301 1840
302 722 1163 1533 1748 1900
303 957
304 688 702 1462
305 350 408 483 1463 1504 1802 1878
306 766
307
308 398 548 575 1129 1176
309 344 677 1153 1284 1523 1828 1845
310 1788
311
312 423
313 918 1295
314 389 417 1012 1380
315 476 1231 1266
316 394 644 691 854 915 1042 1819
317 629 1124
318 434 659 732 1045 1223
319 324 482 890 1067 1840
320 727 795
321 371 1164 1357 1595 1642 1732
322
323 479 1864
324 579 1141 1185 1393
325 1018 1181
326 775 969 1377
327 444 801 858 1433
328 400 906 1992
329
330 546 588 951
331
332 413 447 590 887 1219 1548 1559
333 638 945 1201
334 1335
335 484 1089 1443
336 1211 1754 1833
337 1327
338
339 405 1815
340 880
341
342 573 1020
343 1051
344 385 874 1037
345 511 1395
346 362 501 1213 1894
347 525 917 1710
348 1044
349 805
350 1314 1559 1758 1777 1835
351 678
352 808 1072 1332 1826
353 498 898 935 1098 1711
354 741
355
356 979 1267
357 805 1161 1880
358 1630
359 706 1345
360 731
361 450 888 1843
362 519 696
363 1110
364
365 607 648 1384 1603
366
367 386 426 1794
368
369 617
370 553 745 1272 1653 1923
371 376 477 578 976 1017 1133 1152 1510 1635
372 883 1092 1329 1883
373 419 1034 1385
374 418 489 536 615 708 772 1246 1383
375 385 1160 1659 1903
376 763 1009 1599
377 427 433 451 908 999 1731
378 1779
379 504 847 1833
380 886
381 1166 1194 1206 1486 1597
382 934
383 807 1111
384 624 949 1028 1350 1529
385
386 438 447 520 704 824 840 895 1429 1449 1908
387 563 680 1045 1077 1291 1454 1732
388 1024 1405 1491 1519
389 1429
390 705
391 523 1374 1784
392 868 1571 1748
393
394 1048 1656 1694
395
396 695 713 1010 1257 1446 1838 1966
397
398 1078
399 859 1067
400
401 651 801 826 884 897 935 986 1088 1175 1342 1434 1584 1668 1757 1801 1880
402 1686
403 1328
404 734 1058 1341 1632
405 1933
406 491 960 1092 1242 1262 1933
407 596 879 1398 1500
408 1621 1883
409 439 480 501 586 593 796 1528 1616 1882
410 440
411 1342
412 560 662 1285
413 789
414 839 1308
415 1817
416
417
418
419 588 724 831 1525
420 1264 1684
421 503 754 818 1025 1524 1697 1810
422 595
423 566
424 543 771 1296 1355 1981
425 993 1280
426 463 690 787 877 929 1259 1460 1651 1949
427
428 1162
429 761
430 660 1076
431 906 1120
432 571
433 1483 1703
434 537 1006 1942
435
436 611 1673
437 838 1131
438 1897
439 648 1178 1729
440 992
441 1219
442 1153
443 636 1140 1409 1570
444 816 1935
445 995 1598
446 1641 1804
447 1515
448
449 653 1694
450 496 611 742 1245 1998
451 525 683 881 921 1209 1290 1655 1785 1932
452 1180
453 462 492 746 1082 1596 1613 1921
454 738 1837
455 1116
456 668 766
457
458 542 913 1099
459 1813
460 671
461 1312
462 647 1874 1911
463 565 617 1589
464
465 970 1225 1864
466
467 567 640 1724 1741
468 492 887 946 1654 1852
469
470 1016 1309
471 701 816 875 925 966 991 1115 1406 1645 1791
472
473
474
475
476
477
478 817 900 957 1035
479 1248 1370 1759
480
481 572
482 707
483 1803
484 1083 1826
485 538 1650 1776
486 1089 1492
487 573 778 920 968 1619 1816
488 1075 1589
489 796 883
490 876 1373 1683 1718
491 583
492 577 635 658 717 811 1436 1522
493
494 528 1890
495 819 1463 1657
496 654 799 1222
497 1963
498 575 591 698 970 1049 1202 1233 1268 1302 1346 1458 1611
499 1198 1467
500 609 700 786 1368 1845
501 509 1929
502 755 1143 1185 1356 1587 1893 1945
503
504 741
505 602 765 904 989 1580 1841 1936
506 684
507
508 728 866 947 1021 1159 1202
509 553 713 785 1011 1461
510 529 827 1493 1984
511 537 631 1173
512
513 821 1338 1872
514 645 1002
515
516
517 757 1022 1343 1644 1983
518 603 1004
519
520 900 1852
521 1053
522
523 681 1125 1156
524 803 1319
525 667 780 1551
526 1297
527 560
528
529 888 1187
530 1385
531 709
532 542 550 833 996 1150 1447
533 964
534 1161 1555 1854
535 602 682 928 939 1001 1435 1900
536 1509 1661
537
538 978 1272 1714
539
540 756 763 844
541
542
543 665 1626
544 656 1030 1539 1629
545 1021
546 566 844
547
548 1876
549 712 1141 1681
550 755 1218 1603 1633
551
552
553 1562 1689
554 1244 1536 1957
555 783
556
557 930
558
559 585 593 1128 1410
560 1356 1614 1938
561 1516
562
563 1341 1742
564 770
565 930
566
567 1199 1392 1632
568 596 1345 1656
569
570
571
572
573 912 1055 1148 1932
574 1539 1623 1660
575 599 890 1944
576 688 1583
577
578 1293
579 878 923 1082 1462
580
581 1040 1798
582
583 996 1210 1513
584 760 806 850 1302 1501
585 657 1861
586
587 589 1057
588
589 1379
590
591 619 628 670 810 983 1039 1494 1547
592 856 1184 1204 1544 1716 1802 1806
593
594 1487
595
596 710 1073 1163 1444
597
598 1227 1389
599
600
601 1306 1394
602
603 836 865 1401
604 1151 1520
605
606
607 693 1106 1735
608 625 876 881 1211 1369 1440 1877
609 1263
610 780
611 804 845 871 966 1068 1301 1907
612
613 676 731 815 891 972 1241 1330 1701
614 618 788 910 1464 1991
615
616
617 1490 1922
618 1963 1990
619 767
620 804 848 972 1771 1863
621 694 1110 1164 1827
622 733 1139 1931
623 650
624
625
626 758 1480
627 714 896 1002 1417 1437 1895
628 1188
629
630 777 1058 1850
631 1281
632
633
634 927
635
636
637
638 683
639 991 1682
640 737 1149 1557
641 727
642 1355 1558 1719
643 810 1172 1366 1745
644 752
645
646 664 1387 1541
647
648 1579
649
650 672 1014 1097
651
652 893
653
654
655
656 769 790
657
658 806 1364
659 879 939 1127 1435
660 1350 1405
661 746 1008 1059 1465 1495 1928
662 691 1195
663 926 944 1118 1591 1598 1611 1797
664
665 1369
666 1495
667
668 848 907
669 1072
670
671 1958
672
673 1977
674
675 1261
676 1689
677 961
678 1286 1818 1881
679 846
680 774
681
682 776 892 1167 1391 1579 1662
683
684
685
686 823
687 1194 1399
688 706 761 1809
689
690 1122 1548
691
692 1920
693 1476 1511
694 760 764
695 940 1712
696 1326
697 747 1422 1508
698 895 1070 1149 1184 1197 1567
699
700
701
702 703 1029 1142
703 740 745 1066 1720
704 1916
705 1103
706
707 872 1198 1572
708 862
709 744 1680
710
711
712
713 1317
714 845 850
715 1655
716 1132 1268 1297
717 820 1213
718 730 1670 1752 1801 1955
719
720 1749
721 1200
722 1925
723
724
725 739 1226 1443 1805
726
727 1770
728 885 1138 1239 1685
729 842 1339 1384 1685
730 1659
731
732
733 1744
734 1928
735 1919
736 773 1076 1442 1508 1956
737
738 1413 1670
739
740 934 1060 1398 1649 1926
741 802 1169 1223 1710 1733
742 1188 1552 1682 1899
743 1162
744
745 1338
746
747
748 836 973 1299 1530 1793
749 931 1016
750 1102 1470 1488 1854
751
752 1846
753 797
754
755
756 1068
757
758 1420 1868
759
760 795 932 1521
761 913
762
763 841 1565 1774
764 1712 1989
765 960 1775
766
767 865
768 1121 1484
769
770
771 1660
772 1828 1995
773 1411 1973
774 1757
775
776 831 851 1155 1975
777
778 1284
779 938 993 1793
780
781 1298
782 1305 1846
783
784
785
786 1445 1617 1761 1940
787 1375
788
789 1234 1326 1492
790 1325
791 1407
792
793 826 925 955 1032 1036 1759 1834 1950
794
795 1277
796
797 1566
798 814 1005 1046 1047 1349 1496
799
800 1411
801 1714
802 1024 1052 1336
803 1052
804 1062
805 901 1620
806 1352
807
808
809 814 1379 1536 1969
810 841 1080 1146 1171
811 944
812 1392 1859 1939
813
814
815 1966
816 1120
817 1295
818 1951
819 1094 1147 1967 1985
820 1627 1764
821
822 1755
823
824 1418 1896
825 1129 1993
826 1874
827
828 863
829
830 1019 1165
831 1035
832
833 1626
834 1861
835
836 1740
837
838 1337 1386 1561
839 842
840
841 1126 1718
842
843 1390
844 852
845
846 1447
847
848
849 1535 1585
850 889 1062 1217 1588
851
852 1113 1364 1829
853 1027 1071 1452 1729 1918
854 1552
855
856 1662
857 956
858
859 1738
860 1193 1871 1905
861
862 866 1046
863 1017
864
865
866
867
868 942
869
870
871
872 1438 1535 1808
873
874 1026 1382
875 1563
876
877 1726
878 1010
879 1357
880 1125
881 1159
882
883 1605
884 896
885 1474 1614
886
887
888
889
890
891 1459 1891
892 954 1727
893
894 1646
895
896 1343
897
898 933 1165 1181 1867
899 1325
900 1920
901 952 1485
902 1152
903
904
905 1412
906 1441 1622
907
908 1322
909 1075 1347
910 1057 1423
911
912
913 1378
914
915
916 1337
917 1234 1391
918
919
920 1329
921 1430
922
923 1502
924
925
926 1814
927 967 975
928
929
930
931
932
933 974 1079 1108 1382 1894
934 1499
935 1270
936
937 1180
938
939
940 1257 1667
941 1782
942 1550 1777
943 1999
944 949
945 1066
946 1413 1457 1884
947 1309 1639
948
949
950
951 958 1136
952 1860
953 1154 1351
954 1043 1254 1318 1700
955 1498 1667 1913
956
957
958
959 1015
960
961 1191
962
963 1210 1412 1821
964 1117 1476 1734
965 1168 1270 1482
966 1456
967 1673
968 1751
969 982 1792
970
971 1212 1537
972 1773
973
974
975 1296 1941
976
977 1608
978 1995
979
980 1450 1575 1768
981 1251
982
983
984
985 1480
986 1056 1127
987 1197
988
989 1189
990 1783
991 1059
992 1825
993 1212
994 1013
995 1847
996
997 1221 1316
998 1237 1371 1836
999
1000
1001
1002
1003
1004
1005 1701
1006
1007 1243 1898
1008
1009
1010
1011 1572
1012
1013 1146 1623 1630 1782
1014 1214 1426
1015 1600
1016 1095 1994
1017 1135
1018 1807
1019
1020 1333
1021
1022
1023 1078 1527 1902
1024
1025
1026 1353
1027 1739 1941
1028
1029
1030
1031
1032
1033
1034
1035
1036 1155 1489
1037
1038 1576 1879
1039
1040
1041
1042
1043
1044
1045 1097
1046 1876
1047
1048
1049 1348 1531 1564 1930 1952
1050
1051 1599
1052 1736
1053
1054 1594
1055 1892
1056 1363 1467
1057 1123 1404 1465
1058
1059
1060
1061
1062 1192
1063
1064
1065 1334
1066 1100 1478
1067
1068
1069 1361 1621
1070 1331
1071
1072 1437
1073
1074
1075 1695
1076
1077 1346 1591 1850
1078 1102
1079 1859
1080 1560
1081
1082 1203
1083
1084 1814 1929
1085
1086
1087
1088
1089
1090 1376
1091
1092 1191 1921
1093
1094 1336
1095
1096
1097
1098
1099
1100
1101 1568
1102
1103 1787
1104
1105 1160 1315 1332 1587
1106
1107
1108 1884
1109 1264 1636
1110
1111 1240 1518
1112 1421 1484 1706
1113 1171
1114
1115 1201
1116 1674
1117
1118
1119 1458
1120
1121
1122 1517
1123
1124 1550
1125 1373
1126 1218
1127 1838
1128
1129 1606
1130
1131 1658
1132 1525
1133 1893
1134 1586
1135
1136
1137
1138
1139 1267
1140
1141
1142
1143 1299 1488 1713
1144
1145
1146 1964
1147
1148 1425
1149
1150
1151 1625 1983
1152
1153
1154
1155 1261 1453
1156
1157
1158 1333
1159 1321 1439
1160
1161
1162
1163
1164 1640
1165 1730
1166 1836
1167
1168
1169
1170
1171
1172 1862 1940 1996
1173
1174
1175 1310 1530 1678
1176 1321 1376
1177
1178 1988
1179 1207 1803
1180
1181
1182 1313
1183
1184
1185 1230
1186
1187
1188 1459
1189 1378
1190 1913
1191
1192 1319
1193
1194
1195
1196
1197
1198 1493 1494 1520 1887
1199
1200
1201 1283 1285 1320
1202 1686
1203
1204 1232
1205
1206 1672
1207 1691 1978
1208
1209
1210 1283 1665
1211 1256
1212
1213 1464 1976
1214
1215
1216
1217 1230 1276
1218
1219
1220
1221 1543
1222 1622
1223 1485
1224 1475
1225 1881
1226
1227
1228
1229 1387
1230
1231 1962
1232 1593
1233 1414 1577
1234 1301
1235 1434
1236 1248 1702
1237
1238 1968
1239
1240
1241 1637
1242
1243
1244
1245 1648
1246
1247
1248
1249
1250 1253
1251 1517 1578 1898
1252
1253 1600
1254
1255
1256 1556
1257 1388 1446
1258
1259
1260
1261
1262 1925
1263
1264 1279
1265
1266
1267
1268
1269 1451 1471
1270
1271
1272 1586
1273
1274
1275
1276
1277
1278
1279
1280
1281 1457
1282 1486
1283
1284
1285 1990
1286
1287
1288
1289 1677
1290
1291
1292 1473
1293
1294 1448 1503
1295 1478
1296
1297 1901
1298
1299 1605
1300 1724 1726
1301 1316
1302 1875
1303 1511
1304 1767
1305
1306
1307
1308
1309 1613
1310
1311
1312
1313
1314
1315
1316
1317
1318 1351 1971
1319
1320
1321
1322
1323
1324 1414
1325 1647
1326
1327 1867
1328 1696 1904
1329 1368 1705
1330
1331
1332
1333 1347
1334
1335
1336 1981
1337
1338
1339
1340
1341 1534
1342
1343
1344
1345
1346
1347
1348
1349
1350
1351
1352
1353
1354
1355 1638
1356
1357
1358
1359
1360
1361
1362 1529 1631
1363
1364 1651
1365 1633 1768
1366 1692
1367
1368
1369
1370 1954
1371
1372
1373 1842 1958
1374 1944
1375 1688
1376 1430 1829
1377
1378
1379
1380 1997
1381
1382
1383
1384
1385
1386 1423 1982
1387
1388 1870
1389 1725
1390 1402
1391
1392
1393
1394
1395
1396
1397
1398
1399
1400
1401
1402
1403
1404 1631
1405 1513 1753
1406
1407
1408
1409
1410 1747
1411
1412
1413
1414 1610 1720
1415
1416
1417 1563
1418 1837
1419 1904
1420 1551
1421 1561
1422
1423 1455
1424
1425
1426
1427 1604
1428
1429
1430 1545 1946
1431 1620
1432 1812
1433
1434 1444
1435
1436
1437
1438
1439
1440
1441
1442 1601
1443
1444
1445
1446 1690
1447 1625
1448
1449
1450
1451
1452
1453
1454
1455
1456
1457
1458
1459 1947
1460 1466
1461 1674 1858
1462
1463
1464
1465
1466
1467
1468 1857
1469
1470
1471
1472 1731
1473
1474
1475
1476 1910
1477 1693
1478 1643
1479
1480
1481 1866
1482
1483 1824
1484 1892
1485
1486 1787
1487
1488
1489
1490
1491 1795
1492
1493
1494
1495
1496
1497
1498
1499 1677 1778
1500
1501 1526
1502 1715 1987
1503 1645 1676
1504
1505
1506
1507
1508 1688 1844
1509
1510
1511
1512
1513 1722
1514 1956
1515 1750 1865
1516
1517
1518
1519
1520
1521
1522 1537 1765
1523 1617
1524
1525
1526
1527 1834
1528 1931
1529 1549
1530
1531
1532
1533
1534
1535 1866
1536
1537
1538
1539
1540 1858 1969
1541
1542
1543
1544 1811 1980
1545
1546
1547
1548
1549
1550
1551 1576
1552 1734 1736
1553
1554 1786
1555 1741 1765
1556
1557
1558 1835
1559 1643
1560
1561
1562
1563
1564
1565
1566
1567
1568
1569
1570
1571
1572
1573
1574 1671
1575
1576
1577
1578 1684
1579
1580
1581
1582
1583
1584
1585 1641
1586
1587
1588
1589
1590
1591 1865
1592
1593
1594 1792
1595
1596
1597
1598
1599 1849
1600
1601
1602
1603
1604 1703
1605
1606
1607
1608
1609
1610
1611
1612
1613 1949
1614 1646
1615 1817
1616
1617
1618
1619
1620
1621
1622
1623
1624
1625
1626
1627
1628
1629
1630
1631
1632
1633 1737
1634
1635
1636
1637
1638
1639
1640
1641 1776
1642
1643
1644 1953
1645
1646
1647
1648
1649
1650
1651 1890
1652 1653 1708
1653 1669 1976
1654
1655
1656
1657
1658
1659
1660 1937
1661 1775 1917
1662
1663
1664
1665
1666
1667
1668
1669
1670
1671
1672
1673
1674
1675
1676
1677
1678
1679
1680
1681
1682
1683
1684
1685 1994
1686
1687
1688
1689 1781
1690
1691
1692
1693
1694
1695
1696
1697
1698
1699
1700 1788
1701
1702
1703
1704
1705
1706
1707
1708
1709
1710
1711
1712
1713
1714 1804
1715
1716
1717 1756 1973
1718
1719
1720
1721
1722 1832
1723
1724 1909
1725
1726
1727
1728
1729
1730
1731
1732
1733
1734
1735
1736
1737
1738
1739
1740
1741
1742
1743
1744
1745
1746
1747 1877
1748
1749
1750
1751
1752
1753
1754
1755
1756
1757 1799
1758
1759
1760
1761
1762
1763
1764
1765 1982
1766
1767
1768
1769
1770
1771 1959
1772 1948
1773 1974
1774
1775
1776
1777
1778
1779
1780
1781 1807
1782
1783
1784
1785
1786
1787
1788
1789
1790
1791
1792
1793
1794 1821 1915
1795 1909
1796
1797
1798
1799
1800
1801
1802
1803 1886
1804
1805
1806
1807
1808
1809
1810
1811
1812
1813
1814
1815
1816
1817
1818
1819
1820
1821 1878
1822 1862
1823
1824
1825
1826
1827
1828
1829
1830
1831
1832
1833
1834 1986
1835
1836
1837
1838
1839
1840
1841
1842
1843
1844
1845
1846
1847
1848
1849
1850
1851
1852
1853
1854
1855
1856
1857
1858
1859
1860
1861
1862
1863
1864
1865
1866
1867
1868
1869
1870
1871
1872
1873
1874
1875
1876
1877
1878
1879 1971
1880
1881
1882
1883
1884
1885
1886
1887
1888
1889
1890
1891
1892
1893
1894
1895
1896
1897
1898
1899
1900
1901 1960
1902
1903
1904
1905
1906
1907
1908
1909
1910
1911
1912
1913
1914
1915
1916
1917
1918
1919
1920
1921
1922
1923
1924
1925
1926
1927
1928
1929
1930
1931
1932
1933
1934
1935
1936
1937
1938
1939
1940
1941
1942
1943
1944
1945
1946
1947
1948
1949
1950
1951
1952
1953
1954
1955
1956
1957
1958
1959
1960
1961
1962
1963
1964
1965
1966
1967
1968
1969
1970
1971
1972
1973
1974
1975
1976
1977
1978
1979
1980
1981
1982
1983
1984
1985
1986
1987
1988
1989
1990
1991
1992
1993
1994
1995
1996
1997
1998
1999
