#C:/Users/timos/Documents/GitHub/simulating-vaccinations/code/network.py
# GMT Sat Dec  1 14:31:21 2018
# 
0 2 4 5 6 7 10 11 13 16 18 19 20 24 27 30 31 34 40 43 50 55 58 74 98 126 128 136 140 144 153 157 159 160 161 165 180 188 189 193 199 234 242 247 257 258 264 270 274 281 297 301 307 315 335 343 355 356 375 377 386 403 405 412 431 440 444 451 454 456 474 479 487 520 535 567 568 584 597 598 607 618 626 628 633 637 644 648 687 689 692 700 729 731 800 826 853 874 918 953 985 993
1 2 3 4 5 15 28 39 46 49 56 64 67 90 137 152 158 166 194 197 217 221 239 243 294 295 314 339 362 469 547 559 640 679 711 740 761 851 914 920
2 3 6 9 12 15 23 28 29 36 41 54 65 72 79 81 110 122 134 142 172 215 291 293 297 351 392 425 455 476 482 616 655 768 829 886 922 956 987
3 8 16 107 111 114 129 165 175 188 326 451 507 555 570 702 796 894
4 7 48 71 122 204 279 296 340 382 417 432 439 453 469 519 625 634 654 694 703 811 894 950
5 9 29 32 61 118 363 505 585
6 8 10 14 17 39 47 50 92 100 113 146 171 191 268 292 392 438 439 517 531 552 587 588 592 611 623 640 643 691 717 759 772 795 817 835 843 868 901 989 994
7 11 43 47 81 133 202 206 212 221 223 332 475 493 507 656 665 729 757 904
8 13 17 19 22 59 167 175 176 229 231 262 320 327 361 365 384 425 539 545 613 692 704 730 929 968
9 12 33 68 464 652 733
10 21 23 35 38 42 49 54 61 70 77 89 90 97 115 128 149 193 196 205 213 220 314 319 323 325 340 362 379 426 434 582 615 636 670 683 754 765 809 869 931 989
11 20 89 123 335 344 403
12 24 26 31 55 62 86 132 137 160 206 238 283 525 693 744 752 799
13 14 303 470 825 935 986
14 67 84 145 208
15 59 75 120 143 311 357 367 401 595 670 737 788
16 25 30 32 58 62 108 121 142 295 348 442 457 536 885 896 906
17 18 21 45 73 115 154 155 198 216 256 390 549 627 721 723 778 827 828 904 916 944 984
18 26 37 41 71 76 83 138 157 177 204 216 275 290 308 333 388 447 449 503 511 544 553 571 719 763 856 862 900 931 953
19 112 120 135 152 192 201 244 288 346 528 637 859 962
20 22 27 70 85 100 146 189 200 211 233 235 271 344 350 364 389 397 654 655 864 892
21 25 113 347 810
22 36 37 53 60 82 94 103 118 125 147 218 232 235 245 247 265 270 272 308 332 366 371 391 443 448 462 529 532 546 551 567 591 601 664 671 716 760 801 806 846 857 870 907 916 936 954 982 992
23 46 74 240 258 305 324 349 452 472 509 540 780 845 973
24 315
25 92 213 304 386 796 897
26 106 114 306 337 418 564 794
27 84 87 123 264 265 271 311 330 334 338 423 559 574 632 665 668 767 786 908
28 35 40 42 66 162 202 309 722 958
29 48 52 57 87 102 121 124 131 222 243 396 499 562 566 608 612 626 647 703 791 930 960
30
31 33 34 38 52 63 72 79 80 186 260 327 368 413 490 496 589 620 678 715 744 783 831 911
32 112 253 407 424 598 604 636 685 743 794 834 860
33 119 364 399
34 45 86 99 358 672 735 946 992
35 73 253 371 411 416 445 868 891
36 77
37 44 80 208 224 259 578 667 779 917 932 965
38 44 458 512 594
39 78 322 356 361 615 709 865
40 102 104 151 422 784
41 57 66 93 134 178 182 211 296 408 435 506 688 758 762 815 828 854 923
42 63 69 83 141 151 360 524 607 748 864
43
44 676
45 162 709
46 60 64 96 99 106 117 180 183 199 276 298 312 317 319 370 571 605 609 632 686 778 793 890 910
47 51 95 111 185 186 228 398 522 530 560 839 921 986
48 51 88 94 136 158 163 277 338 352 686 899
49 96 154 161 266 280 485 496 586
50 53 69 130 167 212 226 236 238 321 337 369 500 529 548 690 726 842 949
51 172 248 565 879 930
52 56 133 267 526 722 768
53 76 173 177 259 363 406 455 463 628 785 913
54 630
55 191 215 378 394 474 660 872
56 68 127 184 497 840
57 65 98 109 201 218 508 705 771 939
58 97 139 164 324 419 467 556 650 863
59 91 101
60 169
61 105 195 299 572 593 600 753 814 996
62 82 85 153 174 449 667 684 737 829
63 595 912
64 116 313 431
65 88 420 882
66 179 417 418 432 661 809 835 914
67 229 343 404 467 608 625
68 127 129 173 194 223 318 581 642 650 718 830 867 923
69 336 399 465 481 576 591 661 787 984
70 78 105 125 222 249 387 402 429 609 660 682 691 779 802 815
71 93 155 179 355 463 846
72 246 292 390 646 716 811 832 881
73 75 139 144 174 197 210 241 310 359 804 934
74 124 284 441 690
75 101 104 181 209 255 383 876 909 979
76 961
77 170 435
78 108 195 205 522 974
79 187 738
80 164 301 492 510 516 648 764
81 505 566
82 95 110 217 226 227 257 261 293 299 413 486 531 563 611 710 746 791 805 847 848 924
83 170 286 445 586
84 163 273 278 302 389 438 446 682 772
85 109
86 140 168 190 207 239 242 267 488 520 539
87 117 132 357 393 684 937
88
89 91 384 442 479 695 712 763
90 150 182 231 249 263 369 423 490 577 743 745 836
91 421 427 440 745 825
92 147 358 376 498 577 646 649 774 889
93 119 589 827
94 360
95
96 697 749
97 107 651 900 981
98 491 584 657
99 279
100 187 190 280 309 310 367 437 573 583 624 689 792 834 875 968 969
101 130 141 156 278 329 579 634 724 858
102 103 116 230 351 400 436 448 547 888 893
103 149 306 957
104 131 228 614 945
105 143 732
106 659
107 450 456
108 394 500
109 373 464
110 760 975
111
112 169 263 683 897
113 166 708
114
115 800
116 887
117
118 284
119 236 353 430 434 521
120 385 806
121 305 348
122 145 233 339 822
123 126 203 679
124 333 410 597
125 171 184 241 252 268 341 477 639 677
126 192 676
127 138 178 219
128 135 285 866 964
129 207 230
130 934
131 466
132 234 273
133 240 436 461 482 501 537 552 652 711 991
134
135 148 185 298 427 457 521 579 724 999
136 433
137 450 501 582 719
138 159 254 374 639 694
139 475 489 858
140
141 200 244 251 282 303 323 540 557
142 788
143 168 294 460 461 662 783
144
145
146 148 176 181 203 225 260 272 329 489 514 526 630 656 766 990
147 411
148 248 576 792 880
149 150 871
150
151 156 321 477 624 878 895 993
152 515
153
154 196 255 620 750 751
155 300 404
156 209 510
157 345 926
158 658 780 824 936
159 214 237 281 486 773
160
161 250 346
162 320 484 933
163 538 715
164 381 919
165 578
166 565 777
167 471 840
168
169 956
170 227 302 382 550 627
171 341 583 629 641 680
172 405 473
173 714
174 210 245 283 336 352 506 563 941
175
176 458
177 317 374 395 850
178 214 603
179 183 277 508 734
180 713
181
182 328 617
183 266 410 420 635 747 755
184 261 322 397 536 612 823 838 859
185 198 412 714
186 246 254
187
188 219 275 633
189 995
190 610 720 802
191 368
192 220 447 895
193 287 751
194 678 693 908
195 493
196 618
197 380
198 262 282 407 849
199 974
200 534
201 237 276 543 697 803
202 353 380 497 527 820
203 370 513
204
205 393 416 910
206 224 232 415 905
207 354 886
208 741
209 316 328
210
211 430
212 480 663 861
213
214 395 561 713
215 225 561
216 727
217 388 414 487 844
218 535 699 766 971
219
220 596 664
221 525 532 558 819
222
223 782 940
224 619 672
225 250 736
226 354 773 987
227 502 866
228 349 484 594 774
229 465
230 852
231
232
233 252 617
234
235 409 877
236
237 572 790
238 504 741 903
239 285
240
241 880
242 372 681 851
243 728
244 251 256 307 373 375 706 927 981
245 406 419
246
247 269 286 781 816 863 943
248 290
249 366 958
250 830
251 433 688 707 797 938
252 402
253 645 805
254 289 331 424 426
255 495
256 365 798
257
258 514 752
259 383 408 769
260 359 541 669 853
261 291 641
262 274 558 960
263 812
264 409 551
265 269 318 334 466 468 657 742 952 991
266 444 534 781
267 350 518
268 428 533 821 917 939
269 347
270
271 342 376 476 784
272
273 955
274
275 300 342 606 673 765
276 313
277
278 971
279 289 789
280 288 441 498 604 631 725
281 459 481
282 668
283 326 517 523 581 696 789
284
285 502 823 833
286 287 564 997
287 316 544
288
289 946
290 861 903 909 918
291 979
292 391 790
293 379 537 712
294 453 966
295
296 377
297 325 414 429 511 542
298 330 499
299
300 592
301 473 483 890
302 304
303
304 422 485 599 675 818
305
306 883
307 312 587 758 912 998
308
309 345 428 545
310 452 524 643
311
312 454
313 491 530 562
314
315
316
317 378
318 460 503 902
319 415 799 937 976
320 723 856
321 396
322 988
323
324 638
325
326
327 331
328 619
329 950
330 924
331 740
332
333
334
335
336 437 459 495
337 877
338 705
339 513
340
341
342 738
343
344
345 776
346
347 381 560
348 372 387
349
350
351
352 599 602 707
353
354 621 718
355
356 504 653 704 965
357 771
358 421
359 879 949
360
361 478
362 385
363 472 762
364 770
365
366 401 446 528 702 857 876
367
368 557
369 471 746 942
370 400 674
371 629 756 848
372 468 782
373 813 841
374 631 911
375
376 548 990
377
378 470
379
380
381 855
382
383 739
384
385 659
386 742 804
387
388
389
390 398 555 687
391 653 695
392 533
393
394
395
396 613 642
397
398 638
399
400 574 675 807
401 443
402
403 512 603
404 651 803 810 820
405 516 786 887
406
407
408
409
410
411
412 605 614
413
414 925
415 959
416 775
417 785 832
418
419
420
421 494
422 518 730
423 509 681 701
424 462 488 523
425
426 494
427
428
429
430 538 821
431
432
433 776 812 838 951
434
435 736
436
437 573 942
438
439
440
441 575
442 478 669 839
443
444 515 556 841
445
446 696
447
448
449 862
450
451 483 550 726 888 928
452 480
453 588 905
454 872 935
455
456
457 519 747
458 575 622 756 921
459 543 999
460 644 980
461
462 844
463
464
465
466 549 622 685 875 932
467 601
468 998
469
470 492
471
472 527
473 570 748
474 734 878
475
476 933
477 662
478
479
480 847
481 755
482 850 907
483 554 959
484
485 750 775 892
486
487 978
488
489
490
491
492
493 884 969
494
495 568 666 733
496
497 569
498
499
500 541 553 585 673 926
501 997
502 546
503 940
504 658
505 616
506 717 720 920
507 593 602 767
508 706
509 649
510
511
512
513 600
514 836 961
515
516
517
518
519 542 874
520 983
521 666 701 753
522 623
523 970
524
525
526
527
528
529
530
531
532
533
534 735
535
536
537 554
538
539
540
541
542
543 610 845
544 927
545 837
546
547
548
549 983
550 569
551 590 606
552
553
554
555 596 798 945
556
557
558
559
560 777
561
562
563 749 976
564
565 710 978
566
567 590
568 963
569
570 677
571 671 922
572
573 580 822
574
575
576 797
577
578
579 580 621 674 833
580
581
582 721 759 882 893 902
583 982
584 944
585
586 915
587
588 663
589
590
591 680 938
592 770
593
594
595
596 947
597 837 873 972
598
599
600
601 635 699
602 855
603 817
604 769
605
606 725
607
608
609
610
611
612
613
614
615
616 870
617
618 869
619
620
621
622
623
624
625
626
627 801
628 700
629
630 645 795
631
632 854
633 647
634 962 988
635
636
637
638
639
640
641
642 698 727 761 972
643
644
645 807
646 793
647 898
648
649
650 871
651
652
653
654
655 883
656 947
657
658 764
659
660 995
661 816
662
663
664 885
665
666
667 952
668
669 708
670
671
672
673 906 925
674
675
676
677 852
678 698 913 951
679
680 732
681
682
683
684
685 901
686
687
688 860
689 881 975
690 754
691
692
693 865 980
694
695
696
697
698 818
699
700
701
702
703
704
705
706
707
708
709
710
711
712
713
714
715 889
716 731 757 831
717
718 739
719
720 826 973
721 728
722
723
724
725
726
727
728
729
730
731
732
733 849 955
734 985
735
736
737 928
738
739
740 896
741
742
743
744
745
746
747
748
749
750 819
751 787 808 813 843 977
752
753
754
755
756 994
757
758 814 867
759
760
761 842
762 808
763 899
764 957
765
766
767
768
769
770
771
772
773
774
775
776
777
778
779
780
781
782
783
784
785
786 824
787
788
789
790
791 915
792
793
794
795
796
797
798
799
800
801
802 967
803
804
805
806
807
808
809
810
811
812
813
814
815
816
817
818
819
820
821
822
823
824
825
826
827 970
828
829
830
831
832 977
833
834
835
836
837
838
839
840
841
842
843 919
844
845
846 873
847 963
848
849
850
851
852
853
854 943 948 964
855 941
856
857
858
859
860
861
862
863 884
864
865
866
867
868
869 891
870
871
872
873
874
875
876 967
877
878
879
880
881
882
883
884
885
886
887
888
889
890
891
892
893
894 898
895 954
896
897
898
899
900
901 929
902
903
904
905
906
907
908
909
910
911
912
913
914
915
916
917
918
919
920
921
922
923
924
925
926
927
928
929
930
931
932 948
933
934
935
936
937
938
939
940
941
942
943
944
945
946
947
948
949
950
951
952
953
954
955
956
957
958
959 966
960
961
962
963
964
965
966
967
968
969
970
971
972
973
974
975
976
977
978
979
980
981 996
982
983
984
985
986
987
988
989
990
991
992
993
994
995
996
997
998
999
