#C:/Users/timos/Documents/GitHub/simulating-vaccinations/code/network.py
# GMT Sun Dec  2 15:29:52 2018
# 
0 2 4 6 7 10 12 13 15 17 19 22 27 29 33 44 54 61 68 69 70 77 78 83 86 91 104 110 123 125 133 155 156 182 183 189 202 203 204 219 227 231 245 257 273 305 313 328 341 368 380 388 407 420 459 473 479 497 512 520 521 538 563 565 580 629 677 685 691 766 779 790 800 804 836 867 905 928 958 1016 1029 1031 1046 1053 1077 1137 1153 1169 1200 1220 1242 1259 1339 1345 1348 1380 1392 1425 1426 1468 1579 1637 1666 1701 1734 1774 1780 1793 1831 1839 1863 1934 1961 1971 1975 2070 2126 2226 2311 2371 2483 2510 2521 2541 2572 2619 2659 2674 2797 2803 2830 2846 2908 2915 2929 2952 2956 2996 3018 3062 3137 3191 3306 3345 3386 3410 3465 3502 3550 3628 3649 3726 3753 3803 3904
1 2 3 5 9 18 20 22 23 33 64 75 84 179 416 435 740 841 1113 1419 1453 1567 1660 1679 1952 2010 2055 2275 2432 2515 2554 2814 2928 3021 3028 3332 3459 3554
2 3 8 18 35 51 62 67 147 228 240 338 353 564 616 976 1044 1322 1511 1749 1792 2175 2214 2530 2716 3050 3343 3573 3765 3783
3 4 8 11 14 31 32 34 45 66 68 95 117 121 170 191 223 245 260 268 299 311 315 318 325 335 363 384 396 400 418 429 484 532 538 544 550 590 622 624 637 692 693 715 745 758 785 794 817 872 896 912 936 938 1002 1039 1076 1093 1135 1156 1160 1196 1217 1246 1263 1330 1341 1466 1604 1653 1712 1772 1790 1798 1804 1858 1930 1941 1958 2105 2108 2184 2258 2446 2545 2550 2587 2731 2754 2768 2789 3145 3161 3188 3228 3255 3289 3427 3474 3488 3494 3499 3624 3634 3679 3698 3723 3823 3898 3995 3997
4 5 6 15 17 24 36 41 45 49 53 83 101 109 159 193 290 302 345 424 453 522 524 551 572 628 657 694 718 809 838 917 953 962 1015 1071 1077 1122 1178 1206 1251 1363 1445 1446 1536 1567 1615 1684 1794 1832 1847 1872 1906 1921 1955 1965 2022 2026 2104 2137 2189 2283 2420 2431 2688 2750 2881 2892 2931 2932 2985 3104 3275 3376 3577 3734
5 7 10 26 34 44 60 67 76 97 141 154 167 169 181 185 205 247 298 310 323 342 359 360 367 406 601 642 821 904 1096 1140 1248 1310 1349 1351 1367 1413 1457 1621 1931 1978 2026 2142 2165 2175 2256 2267 2294 2391 2493 2598 2694 2997 3051 3173 3183 3291 3481 3591 3888
6 12 21 90 121 213 230 388 476 602 760 816 930 946 963 1031 1215 1297 1344 1679 1766 1767 1982 2233 2629 3055 3133 3489 3550
7 9 16 35 40 42 46 92 141 188 242 295 303 316 347 371 389 555 898 929 1079 1081 1188 1211 1267 1356 1361 1522 1570 1611 1624 1759 1983 2009 2078 2196 2253 2503 2506 2636 2864 2994 3745 3820
8 11 13 20 48 52 55 63 71 82 143 168 189 235 470 490 563 566 627 665 1004 1096 1163 1304 1493 1560 1734 1834 1852 1972 1977 2400 2490 2713 2740 2769 2794 2831 2925 2930 3037 3067 3491 3594 3600 3738 3797 3859
9 38 81 89 112 126 199 221 355 360 446 455 464 625 633 680 776 926 950 999 1023 1035 1080 1100 1118 1218 1295 1327 1430 1536 1646 1687 1713 1791 1794 1865 2005 2016 2021 2038 2127 2135 2215 2305 2581 2584 2627 3200 3334 3575 3687
10 16 30 38 43 47 50 53 54 63 88 95 100 105 123 127 156 195 200 221 226 243 278 284 304 314 318 327 370 410 483 513 552 581 602 663 716 988 1032 1034 1115 1182 1204 1364 1380 1392 1412 1419 1501 1591 1693 1696 1728 1925 1953 1983 2024 2103 2206 2246 2308 2327 2333 2424 2489 2601 2665 2724 2809 2827 2948 2963 3037 3164 3229 3304 3349 3469 3735 3785 3861 3901 3952
11 21 43 109 115 181 184 205 282 458 519 731 915 1003 1227 1359 1377 1479 1546 2043 2249 2359 2495 2637 2863 3239 3450 3508 3570 3834
12 14 27 41 57 81 91 161 183 582 593 637 726 843 868 908 1004 1187 1294 1435 1589 1603 2115 2116 2501 2504 2560 3038 3475 3484 3537 3583
13 25 308 792 1162 1319 1863 1978 2157
14 25 28 56 69 73 82 138 196 220 233 238 317 340 345 352 393 498 537 581 583 600 654 732 803 848 904 1019 1066 1168 1433 1714 1880 1903 2192 2228 2245 2484 2560 2618 2824 2884 3042 3136 3257 3348 3532 3574 3674 3675 3874 3880
15 23 65 93 99 107 124 166 262 343 358 385 499 503 514 527 555 571 685 795 1107 1185 1828 1850 1942 1956 2080 2190 2468 2552 2977 3029 3031 3198 3471 3900 3962
16 31 59 124 371 658 1483 2817 3567
17 39 49 65 86 87 108 113 114 150 163 164 211 251 287 353 399 436 463 547 574 668 674 739 776 827 897 907 958 992 1018 1203 1204 1272 1376 1595 1779 1850 1879 1882 1892 2014 2158 2271 2321 2350 2397 2620 2762 2806 2833 3202 3461 3495 3827 3936
18 19 28 32 66 98 101 146 147 169 173 210 239 253 267 283 301 310 355 378 391 413 425 437 556 571 687 692 857 898 942 947 1081 1087 1180 1279 1300 1405 1458 1534 1616 1763 1776 1811 1913 2057 2145 2295 2445 2640 2693 2795 2816 2906 3000 3182 3345 3619 3713 3831 3916 3942 3966
19 24 85 114 210 217 351 755 1751 1854 2971 3088 3593 3786
20 29 39 42 47 57 76 113 117 186 194 196 198 238 265 316 325 377 438 477 706 799 856 908 937 1189 1436 1497 1502 1578 1584 1770 1824 1889 1927 2001 2004 2011 2115 2143 2259 2319 2320 2332 2431 2452 2606 2628 2665 2842 2955 3022 3562 3786 3896
21 37 129 140 174 264 317 361 421 1027 1057 1155 1378 1402 1407 1421 1423 1478 1479 1642 1883 2107 2182 2363 2509 2950 3248 3609 3943 3973
22 37 74 87 137 140 144 146 177 225 270 322 407 408 455 528 600 612 620 644 844 856 911 986 1011 1116 1203 1266 1396 1420 1482 1657 1716 1786 1986 2187 2241 2383 2410 2466 2497 2802 2891 2927 3094 3271 3377 3492 3774 3887 3905 3906 3922 3972
23 26 59 61 72 111 116 170 265 291 328 383 409 875 985 1500 1569 1678 1760 1992 2069 2236 2394 2736 2826 3020 3181 3239 3315 3361 3390 3609 3780 3876
24 369 1411
25 103 254 448 684 740 874 959 1086 1224 1280 1535 1562 2533 3135 3194
26 171 280 634 1239 1559
27 55 100 185 504 814 1006 1032 1106 1565 1836 2358 2405 2755 2962 3477
28 30 46 56 202 234 296 332 404 577 589 1352 1373 2244 2419 2904 3748
29 134 279 398 443 852 1146 1471 1571 1583 3080
30 118 157 260 356 423 491 502 536 672 726 727 779 783 881 886 977 1670 1775 2097 2101 2147 2285 2302 2524 2542 2698 2714 2841 3212 3409 3508 3512 3689 3851
31
32 36 52 138 212 420 543 617 689 845 994 1122 1202 1350 1360 1689 1690 1966 2294 3026 3238 3425 3853 3897 3925
33 40 60 105 255 337 361 405 451 502 690 864 996 1045 1083 1312 1355 1387 1421 1499 1764 2004 2334 2460 2790 2983 3101 3205 3357 3530 3869
34 92 115 394 415 802 812 1620 2894 2942 2960 2994
35 159 313 343 716 750 798 1082 1184 1278 1302 2527 2594 2708 2935 3112 3135 3236 3458
36 227 250 264 266 354 359 520 854 1547 1985 2111 2200 2224 2350 2664 2749 3188 3518 3708 3772 3933
37 50 58 70 74 98 139 158 182 186 187 208 251 253 314 322 374 397 424 433 434 441 608 614 631 678 732 742 798 834 995 1010 1121 1185 1574 1588 2474 2549 2576 2862 2902 2918 2945 3074 3103 3154 3408 3503 3591 3628 3785 3819 3919 3960
38 128 144 218 224 247 257 304 755 814 1020 1129 1351 1416 2013 2346 2725 2957 3179 3251 3671 3752 3885 3994
39 48 104 108 413 517 616 1104 1209 1368 2195 2543 2588 2637 2669 2740 2788 2970 3541
40 64 78 90 130 173 192 214 237 244 439 475 530 796 817 858 1180 1191 1491 1612 1970 2058 2289 2362 2397 2652 2867 2890 3113 3372 3421 3680 3723 3828
41 321 885 1561
42 126 168 323 324 356 369 426 457 595 1410 1856 2049 2167 2910 3034 3094 3142 3317 3445 3773
43 1411 1881 2745 3589 3711 3883 3915 3964
44 111 348 598 665 764 786 1167 1442 1811 1908 1990 2297 2429 3359 3564
45 79 94 96 97 162 266 311 352 362 474 508 757 782 797 969 1117 1364 1660 2408 2720 2808 3119 3299
46 1263 2724
47 165 209 232 579 610 721 766 807 1001 1084 1346 1452 1717 2051 2404 3220 3807
48 77 127 229 419 460 962 1487 1687 1857 2252 2750 3765
49 75 641 2604 3631 3957
50 51 80 84 128 137 188 250 269 281 376 511 733 756 791 1071 1201 1229 1434 1495 1658 1707 1819 2338 2340 2512 2535 2752 2851 3005 3233 3264 3542 3733 3839 3902 3938 3953
51 58 165 177 256 280 297 515 839 1104 1127 1161 1316 1425 1555 1962 2073 2417 3006 3148 3422
52 71 160 292 619 651 1041 1494 2000 2028 2429 2579 2705 2864 3091 3216
53 125 160 201 267 469 558 570 793 956 1665 2408 2435 2480 2979 3051 3250 3605 3721 3880
54 198 337 500 1199 1424 1775 2336
55 85 88 107 149 157 319 422 527 723 749 754 772 967 1102 1155 1531 1781 1892 1956 2336 2661 3066 3139 3697 3855
56 72 263 320 382 383 449 531 559 626 868 1047 1282 1476 1623 1738 1742 1807 1890 2160 2288 2448 2507 2522 2541 2683 3036 3639 3667
57 639 3447
58 120 171 176 387 465 546 1099 1132 1306 2154 2357 3314 3428
59 80 200 225 724 738 834 1972 2456 2694 3461 3507 3560 3830
60 248 288 735 1041 1214 1237 1488
61 62 161 237 268 399 702 730 807 1022 1144 1174 1382 2265 2370 2378 2460 2500 2855 3002 3483 3527
62 151 357 431 630 1265 1334 1843 1957 3059 3585
63 350 630 739 984 1126 1216 1415 1472 2364 2570
64 145 239 261 349 364 923 1087 1249 1275 1682 2120 2375 2458 2566 2928 3254 3986
65 99 103 106 112 131 175 222 236 241 273 274 282 373 406 436 501 518 540 573 678 778 846 849 866 877 957 975 1083 1084 1103 1231 1417 1510 1543 1549 1645 1806 1869 1922 1998 2153 2319 2351 2410 2422 2517 2598 2686 2709 3112 3218 3310 3406
66 541 554 720 877 1395 2443
67 94 187 199 201 213 259 286 430 587 841 925 1106 1644 2482 3207 3248 3648 3820
68 89 106 148 206 216 440 990 1056 1208 1260 1262 2234 2502 2671 2780 2837 3024
69 326 342 437 548 704 1120 1129 1611 1878 1926 1963 2172 2900 3282 3368
70 224 396 1385 3138
71 73 93 136 222 576 606 696 752 800 889 1007 1187 1288 1314 1375 1410 1629 1663 1755 1803 1864 2099 2154 2160 2258 2313 2337 2356 2533 2606 2882 3186 3215 3360 3464 3784
72 192 372 471 684 1189 1193 1217 1230 1345 1724 2326 2850 2968 3012 3457 3534
73 351 432 863 944 1564 2219 3800 3974
74 116 190 197 203 233 309 391 565 905 919 1095 1151 1184 1253 1320 1456 1938 2035 2072 2298 2557 2697 2738 3072 3825 3927
75 79 150 241 289 344 533 706 747 1148 1385 2372 3680 3832
76 246 562 567 1386 2344 3111 3165 3281 3655
77 682 1141
78 102 618 912 1451 1747 1872 1993 2168 2426 2655 3750 3935
79 143 315 368 394 656 823 1311 1516 1542 1705 1929 2020 2604 2647
80 492 822 939 1726 1793 2084
81 102 164 174 220 229 285 414 547 953 1043 1048 1152 1336 1613 1663 1906 2211 2437 2508 2741 2979 3720 3825
82 445 480 887 1208 1493 2061 2407 2848 3362
83 110 119 130 135 142 256 415 591 618 648 708 1013 1138 1292 1513 1541 1682 1833 1997 3930
84 223 232 276 524 529 539 652 663 801 851 1060 1264 1335 1609 2075 2325 2725 3760
85 122 133 179 262 334 366 379 395 404 412 481 510 575 701 849 859 873 886 961 1010 1068 1085 1369 1788 2232 2692 2737 2978 3007 3038 3210
86 695 771
87 96 248 309 435 883 2032 2531
88 1162 1871 2183 2433 3085 3298
89 575 723 812 1507 1509 2563
90
91 152 243 358 652 876 1729 2783 3390 3704
92 660 718 811 1026 1052 1183 1235 1722 2734 3507
93 372 592 605 777 893 1406 1586 2685 2734 3300 3319 3472 3499 3648
94 155
95 446 787 1231 2183 2280 2778 3102 3333 3611 3730 3822
96 212 1315 1463 2973
97 158 289 367 493 627 675 948 1278 1336 1383 1414 1418 1525 1572 1866 2070 2549 2843 3030 3100 3276 3504 3620
98 118 142 152 218 240 270 275 288 384 541 655 756 825 1159 1201 1214 1544 1815 2068 2446 2552 2669 2703 2936 2939
99 132 136 167 195 217 296 346 882 893 1295 1369 1398 1521 1544 1631 1661 2003 2487 2673 2843 2874 3006 3192 3222 3690 3811 3935
100 122 387 797 2643 3788
101 335 674 769 1094 1223 1677 2125 2292 2874
102 209 753 1631 1739 2063 2075 2205 3622
103 463 990 1558 1570 2445 2561 2966 3045
104 120 131 163 190 272 277 303 320 516 552 636 709 741 783 804 815 880 920 943 1042 1150 1255 1333 1394 1431 1520 1654 1761 1846 2254 2330 2444 2451 2473 2657 2729 2982 3353 3413 3538 3856 3908 3971
105 670 799 1524 2100 2555 3244 3512 3553 3678 3713
106 930 2145
107 2096
108 3505
109 148 272 426 477 774 1062 1200 1404 1429 1617 1859 2139 2391 2426 2839 3183 3729 3980
110 119 134 162 226 277 295 312 402 483 925 1000 1817 2655 3692
111 2330
112 428 484 1443 1511 2903 3121
113 216 326 381 595 2420 2951 3085 3407
114 824 1194 1680 1893 2845
115 180 184 287 330 748 936 1036 1199 1299 1397 1451 1453 1586 1788 2088 2152 2197 2312 2583 3240 3322 3411 3722
116 894 1559 2085 2748
117 129 215 294 584 698 1065 1117 1119 1328 1732 2240 2242 2643 2764 3452
118 135 139 153 175 178 362 749 1321 1506 2863 3443
119 252 1055 1093 1188 1282 1413 2127 2666 3088 3271 3824
120 780 1422 2191 3082
121 191 489 1274 1783 1923 3186 3250 3366 3411
122 132 276 454 613 671 1182 1666 1778 2087 2314 3695
123 397 737 1092 1123 1714 1912 1941 2031 2353 2789 2796 3208
124 989 2975 3951
125 375 481 715 931 1098 1333 1379 1381 1915 2343 2480 2763 3159 3270 3484 3559
126 214 259 329 480 497 521 650 704 997 1132 1618 1670 1791 2007 2090 2165 2590 2610 2893 3380 3531 3643 3758 3889
127 1018 1907 2556 2775
128 258 1744 2110
129 308 545 578 596 743 801 835 878 947 1558 1691 2094 3046 3350 3494 3643 3657
130 246
131 149 215 607 638 838 987 1033 1885 1926
132 285 376 1393 2899 2998 3102 3796
133 2337 3026
134 252 414 648 757 1121 1440 2578 2622
135 683 1294 2822 2857 2965
136
137 626 659 778 1280 1560 1744 1826 2586 3036 3158 3278 3492 3718
138 1205
139 151 1557 1849 2822
140 145 154 235 236 486 569 641 1255 1753 2999 3214 3305 3695 3719
141 1878 3262
142 2052
143 354 411 522 850 1229 1619 2207 2487 3349 3742 3830 3924 3937
144
145 3337 3913
146 231 561 832 957 1676 1887 1916 3724 3777
147 271 297 393 434 607 686 701 1144 1195 1271 1477 1571 1601 1604 1610 1717 2025 2629 2869 3209 3347 3703
148 172 255 401 478 510 530 1740 1750 1810 1995 2747 2907 3829 3875 3988
149 711 1654 2063 3127
150 1290 2113 2251
151 153 645 1762 1987 2156 2192 2286 2849 3802
152 172 503 567 629 664 752 922 1307 1548 1565 2202 2278 2614 2850 3389 3457
153 2223 3827
154 3025 3813
155 447 489 586 661 666 1109 1145 1523 1835 2387 2461 3081
156 773 1487 2364
157 166 329 442 449 828 1065 1452 2148 2259
158 178 572 599 818 1692 2991 3373
159 306 564
160 228 298 302 670 671 1528 1577 1970 2393 2411 2825 2918 2934 2981 3086 3920 3992
161
162 180 305 443 651 805 1464 1520 1711 2924 3116 3224 3699
163 885 1311 3073 3098
164 234 748 948 1014 1576 2304 3206 3266
165 194 494 506 582 961 1354 1988 2518 3419
166 211 808 810 1000 1070 1475 2333 2484
167 176 363 419 852 1540 1627 1669 2551
168 204 339 891 989 1202 1221 2035 2123 2937 3426 3663 3803
169 207 261 293 591 615 687 710 3356
170 375 996 1746 1936 2618 2787
171 299 2130
172 1653 3071
173 230 274 612 705 720 1566 2121 2786 3529
174 884 1114 1932 2219 3245
175 254 485 494 587 2011 2062 2661 3704
176 193 339 1098 1502 1833 2185 2211 2358 2365 2774 3212 3265
177 451 485 545 746 910 911 1163 2352 2395 2413 2784 3442 3976
178 206 456 719 882 941 1384 1940 2255 2751 2774 3131 3193 3370
179 283 321 432 433 507 604 891 1157 1318 1596 1764 1787 2027 2476 2562 2916 2917 3381 3870
180 275 1391 2624 2672 3992
181 307 330 542 635 742 833 913 941 1008 1024 1136 1577 1898 1969 2073 2195 2368 2581 2625 2757 2773 3284 3500
182 523 667 839 1296 1467 1474 2040 3187
183 258 373 2188 2585 3617
184 3758
185 1979
186 279 462 491 509 751 945 960 1177 1890 2280 2573 2836 2949 3596 3693
187 826 1027 1113 1287 1610 1894 2398 2768 2808 2875 3621
188 207 403 428 459 621 721 887 900 906 1165 1301 1964 2335 2627 2847 2854 3257 3733 3743
189
190 624 2265 2624
191 249 461 1126 1140 1457 2401 2689 2690 2837 2890 3020
192 1245 1324 1390 1897
193 3519
194 291 357 573 878 1054 2961 3655
195 698 2538 3247 3305
196 197 526 823 1782 1918 2260 2881 3104 3333
197 336 430 447 519 546 646 753 881 914 1029 1088 1510 1526 1563 1593 1895 2188 2307 2341 2559 3340 3646 3945 3960
198 467 557 1716 2318
199 346 1484
200 208 219 281 307 344 347 418 603 609 611 658 676 745 815 824 966 1145 1151 1158 1219 1275 1495 2124 2135 2309 2417 2438 2658 2715 2952 3076 3089 3133 3155 3283 3385 3399 3441 3453 3832 3885
201 392 1257 1407 3005
202
203 3714
204 249 1095 1725 1800 1802 1803 2676 2681 2712 3025 3424
205 533 610 693 933 950 977 1622 1637 2029 3147 3199 3369
206 408 511 1298 1342 2295 3533 3683
207 294 1063 1288 1614 1640 2136 2883 2947 3228
208 271 487 1003 2141 2557 2678 3578 3954
209 454 513 517 777 1135 1848 2247 2488 2635 3014 3043 3302 3578 3868
210 438 504 654 673 1124
211 431 688 1285 1373 1514 1814 2036 2374 2632 3082
212 301 466 667 786 861 1034 1219 1243 1256 1575 1699 1837 2174 2583 3621 3941
213 242 468 1343
214 556 1625 1984 2064 2098 3456 3544 3728 3865 3877
215 269 472 568 871 1051 1435 1437 1531 1681 3065 3965
216 300 816 2389
217 381 386 1635 2020 2479 2529 2586 3501
218 366 971 1166 1374 1400 1709
219 284 598 805 1089 3986
220 300 550 973 1009 1578 2523 3138
221 622 631 650 860 1056 1125 1265 1303 1476 1668 2140 2589 3184 3665 3787 3873
222 579 710 1779 1877 1948 2061 3254 3412 3516
223 390 934
224 931 1050 1257 2577 2739 3203
225 2698 3489
226 677 1633 1661 2777 3909
227 244 331 382 460 500 577 662 825 840 850 967 991 1063 1281 1415 1826 2213 2285 2600 3073 3585 3950
228 471 475 653 686 784 1505 1633 1665 1748 3288 3330 3431 3908
229 691 1625 2405 3761
230 1078 1374 1703 2140 3218
231 452 608 793 1522 2262 2954 3364
232 405 866 1862 2045 3301
233
234 1258 1448
235 659 901 2086 2799 3238 3658
236 412 450 909 1267 1397 1540 1838 2434 3004 3555 3607
237 655 780 1614
238 334 603 1043 1147 1730
239 286
240 750 1331
241 759 2825
242 2501
243 350 584 617 1105 1762 1982 2273 2536 3162 3265
244 1439
245 917 1674 1758 2090 2475 3529
246 348 2485 3363
247 3326
248 1112 1587 2238
249 364 2743 2945
250 1143 1334 1787 2093 2102 3673 3727
251 306 594 2982 3925
252 403 676 821 1581 1976 2986 3430
253 341 559 729 1382 1398 1830 3204
254 606 744
255 3717
256 290 1689 1694 2164 3324
257 478
258 903 1939 2721
259 338 365 526 681 2726 3144
260 458 813 1073 1167
261 1736 1840
262 263 312 509 1439 1598 1652 3603
263 466 1993 3536
264 374 588 681 2041 2173 2534 3513 3705 3799
265 333 781 1040 2069 2187 2248 2454 3246 3629 3901
266 482 696 736 1401 1561 2766 2872 3647
267 442 1388 1802
268 365 400 421 461 892 1235 1291 1496 1612 2049 2153 2287 2326 2558 3670
269 744 1069 1172 1426 3662
270 452 861 1584 2786
271 2545 3612
272 377 725 2432 3363 3493 3725
273 349 695 734 754 770 842 870 1023 2082 2792 3466 3619 3957
274 464 1053 1355 2700 2860 3130 3260 3388
275 557 743 1212
276 453 1485 1757 2419 2428 2435 2949 3763
277 278 292 457 759 909 1072 1417 1580 1686 3230 3523 3586
278 542 647 952 1638 1991 2567 2711 2992 3278 3810
279 293 476 644 697 775 1564 2274 3375
280 498 1245
281 963 2268
282 894 1735 1860 2030 2312 2782
283 1416
284 474 1916
285
286 385 3125 3517
287 473 1659
288 1569 1688 1758 2101 2197 2761 3540 3668 3797
289 578 730 2269
290 401 422 774 1636 1712 2390
291 1009 3442 3991
292
293 482 1920 3098
294 409 439 636 722 847 979 1556 1905 1991 2273 3301 3523
295 872
296 535 594 599 788 791 1697 2023 3237
297 340 558 879 1019 1914 2136
298 331 583 2687
299 465 525 554 3613
300 333 1090 1281
301 425 512 592 640 770 831 970 1017 1069 1150 1515 1745 1777 2006 2036 2451 2550 2680 2872 3016 3134
302 462 899 2853 3235 3396
303 1323 3949
304 888 1270 1708 1924 2029 3469
305 423 965 1191 1193 1816 1917
306 319 324 549 1710 2324
307 1450 3160
308 1667 1673 1781
309 560
310 332 964 1181 2275 2633
311 395 884 2322
312 390 398 411 551 728 1052 1101 2303 2353 2519 2801
313
314 1809 3166
315 386 2138 2186 2653 3022
316 585 932 981 1205 1438 1445 2680 3057
317 1798 2403
318 327 490 837 1207 2230 2594 2980
319 389 703 1008 1470
320 380 456 495 830 1176 1310 1883 1891 2719 3139 3170 3466 3890
321 1195 2389 3303
322 1175 2860 2911 3039 3627
323 548 784 1240 1829 2990
324 1284 1312 2179 2227 2243
325 379 540 994 1038 1107 1130 1277 1981 3360 3850
326 906 2078 2120 2847 3555
327 336 508 847 863 1946 2392 2547 2760 2905 3397
328 488 865 1656 3192 3823
329 417 532 1021 1309 2282 2630 2984 3000
330 669 1166 2948
331 402 544 1024 2971
332 370 495 1985 2113 2217 3743 3795
333 378 597 1440 2548 3639
334 974 1142 1401 1945 2753 3210
335 869 871 1391 1700 2414 3058 3277 3942 3967
336 1995 2293 3261
337 417 1283 1719 2060 2176 2708 3679 3981
338 505 702 741 811 1170 1455 1886 2360 3055 3490 3563
339
340
341
342
343 972 2423
344 625 2112 3069 3690
345 981 2283 3062
346 679 952 1363 1651 2901 3747
347 1296 1432 2600
348 688 1228 1454 2226
349 888 1133 1999 2316 2406 3546
350 1134 3774
351 835
352 448 623 708 1059 1834 2245 3044 3309 3716
353 450 560 836 896 1136 1367 1888 1911 2660 2852 3632 3693
354 2166
355 416 566 609 769 1876 2884
356 2595 3981
357
358 549 649 980 1699 1976 2414 2563 3460 3568
359 978 1269 1376
360 2748 2892 3223 3259 3862 3926
361 3985
362
363 1605
364 493 689 768 1050 1813 2224 3707 3826
365 441 725 870 1221 1755 2225 2422 2651
366 2879
367 536 1431 3879
368 588 707 736 1247 1437 1805 1938 1973 2870 3664
369 986 1141 1420 1464 2468 2736
370 492 1539 2355 2722 2785 3434 3506 3517
371
372 3511 3854
373 3198
374 727 2043 3736
375 1137
376 1812 2835 3384
377 1607 1750 2002 2667 3144
378 1655 3593
379 683 1234 1271 2923 3253
380
381 472 661 932 1964 3546
382
383 2143 2351 3687 3810
384 392 982
385 879 1459 3951
386 956 1365 1813 3470
387
388 2194
389 410 506 539 860 949 1365 2097 2317 3418
390 479 789 857 939 1251 1591 2467
391 1480
392 440 523 999 1108 1466 1519 1951 2149 2455 2967 3795 3869
393 427 604 1197 1386 3996
394 505 543 585 632 643 700 806 980 1025 1074 1090 1153 3654
395 3909
396
397 827 1337 1347 1372 2806
398
399 444 496 915 1252 2327 3208 3744
400 635
401 761 3256
402 2177
403 1064 1582 3160
404 1103 1920 2034 2537
405 576 902 2182 2453 3266 3974
406 553 855 923 1423 2047
407 429 1449 2148 2214 3778
408 2109
409
410 3382
411 518 657 955 1001 1013 1359 2025 2960 3031 3058
412 1070 1224 1722
413 444 534 840 1086 1289 1641 1838 2298 2329 2737 3771
414 1671
415 445 486 580 768 1233 1319 1628 2300 2514 2546 2639 2790 3307 3404 3497 3709
416 1756 3590
417 515 1535 2469 3267 3392
418 1353
419 921 1026 3054
420 1169 1672
421 499 1022 2450 3812
422 516 705 1999 3415
423 1012 1108 1346 2920 2973 3636
424 528 713 1089 1123 1290 2990
425 427 537 611 1254 1286 1332 2886 3032 3287 3518 3708
426 1233 1432
427 1048 1088 1097 2597 2910
428 656
429 1389 1551 1606 2976
430 680 1485 2866
431 568 1442 1914 3080 3496 3539 3791
432 645 1814 1846 1901
433 488 830 1049 1481 3672
434 2907
435 1504 1807 1955
436 2776 3602
437 467 469 649 819 2611 2866 2911 3740
438 2114 2636
439
440 1055 2028 3626
441
442 864 1447 2759 3556
443 3332
444 1232 1474 2387
445 1035 3599
446 1273 1360 1366 1646 1915 3083 3866
447 535 574 895 1091 1172 1318 1549 1808 1940 2117 2356 2635 2646 2693 2760 2880 3282 3365 3726
448 1630 2519 2980 3061 3141
449 709 717
450 653 669 728 1149 3140
451 2691
452 496 514 998 1213 1222 1322 1366 1796 1830 1958 2235 2354 3033 3175 3275 3435
453 664 767 1399 1460 1692 1949 2171 2266 2532 2589 3651 3977
454 995 1212 2377 2511
455 633 2704
456 2287 3152 3630
457 468 3262 3819
458 2363 2564
459 699 2404 2571 2889 3070 3381
460 1062 1721 2662 3575
461 660 785 1484 2357 2486 2701 2759 2926 3448
462 1605 2082 2118 2407 2603 3140 3722
463
464 529 1490
465 1234 1808 2174 2409 2916 3444
466 470 974 1580 2612
467 569 596 1045 1546 2186 2492 2536 2648 2667 2732 3790
468 2779
469 646
470 525 593 998 1590 1737 1771 2412 2812 3217 3379
471
472 1530
473 831 921 1016 2223 3041 3991
474
475 959 1406 1469 1799 1904 3432
476 666 1394 1601 1703 2395 2470 2499 2769 2828 3203 3273
477 820 1463 3838
478 534 1049 1428
479 487 869
480 1727 2008 2758 3608
481 623 991 1128
482 1927
483 1533 1566 3155
484 1054 1305 1461 1462 3685 3814
485 561 809 901 2170 3710 3961
486
487 731 1727 1795 1903 2859 3113 3118 3319 3355
488 2580
489 590 675 951 1283 1518 1597 1713 1789 1980 2981 3694
490
491 620 1261 1503 1608 1874 1901 2213 3142 3468
492 1165 1284 1743 1987 2804 2992 3121 3302 3516 3589
493 507 1161 1179 1249 1688
494 733 1429 1590 3316 3607 3645
495 613 640 1085 1258 1746 3288 3840
496 862 2338
497 615 829 1467 2150 2903 2950 3002
498 1015 1146 1600 2457 2511
499 501 3615
500 531 3209 3769
501 1076 1174 1408
502 673 844 2040
503 632 722 737 782 1064 1469 1501 1552 1648 2012 2430 2964 3157
504 2605
505 2756 3405
506 802
507 955 2347 3892
508 1285 1330 2440 2763
509 601 1114 2134 2209 3845
510 1253 1588
511 897 900
512 813 2963
513
514 929 1743 2228 2314 2756 3091 3331
515 1884
516 668 2196 2626 3105 3109 3291 3554 3870
517
518 3272
519
520 707 1818
521 1496 1596 1733 1944 2128 2662
522 966 973 1194 1768 3114
523 712 1379 3975
524
525 712 1261 1450 2150 2650 3535
526 562 788 940 1975 2293
527 642 3163
528 1832
529 949
530 597
531 1298 1370 3576
532 747 935 1074 1508 3422
533 1115 2668 3685
534 763 876 919 3954
535 1279 1592 2412 3127
536 2380
537 792 826 1079 1110 1197 1777 1780 2018 2272 2369 2671 3300 3612
538 790 2335 2463 3027 3700
539 628 806 1072 1994 2119 2499 2611 2856 3715
540 1252 2235 2441 3249 3503
541 1342
542 1630 2368 3168
543
544 553 1059 1097 1427 1473 1842 2231 3701
545 1384
546 614 638 845 2109 2472 3716
547
548 570 639 853 1014 2085 2203 2238 2296 2689 3990
549 589 1766
550 1066 1946
551
552 2003
553 862 1323 1623 3668 3749
554 1801
555
556 1672
557
558 943 1403 1516
559 828 1767 1881 2002 2039 3462
560 719 772 1168 1459 2042 2147 3528
561 899 3686
562 586 643 679 713 867 1293 1587 2250 2315 2849 2913 2943 3029 3226
563 1030 1118 1572 1815 2702 3741
564 787 1175
565 1268 2122
566
567 690 1033 1058 2823 3402
568 1094 1576 2058 3330 3443 3848
569 1207 1427 2972
570 1236 2000 3748
571 2288
572 762 964 1226
573 621 1159 2056 2829
574 1821 1997 3800
575
576 767 916 3437
577 890 1635 1841 2199
578 1100 1160 1181 2106 2483
579 1005 1130
580
581 647 818 902 1051 1304 1513 1944 2068
582 662 858 1133 1675 2107 3263
583 1837
584 837 1475 1840
585
586 808 1131 1529 1585
587 1562 1702 2202 2276 2403 3526
588 988 1505 1527 1810
589 1986
590 738 762 951 968 1225 2242 2634 3337
591 758 794 1488 2739 3049 3196 3945
592 810
593 1752 2092 2162 2179 2324 2515 2868 3174
594 1238
595 619 848 2504 2657 3836
596 944 1866 3657
597 1134 2270 2830 3134
598 2253 3297 3944
599 682 874 1028 1142 1289 1581 2134 2289 2434 2528 2602
600 1929
601 672 3024 3761
602 978 2208 2608
603 789
604 605 717 993 1769 2133 2510 2612 2692 3069
605 1040 1911 3341 3407 3771
606 920 933 1037 1706 1721 2172 2234 2765 2776
607 983
608 1910
609
610 1213 2081 2958 3232
611 1012 2083 2209 2596
612 796 2517
613 764 984 1154 1276 1543
614 1658
615
616 751 1073 1532 2256
617 1749 2675
618
619 1075 1149 3547
620 1402
621 1183
622 634 724 1349 1683 2481 2564 2601 3876
623 1020 2390 3222 3625
624 734
625 1075 1726 1870 2092 3383
626 1790 1817 2129 2339
627 2216 3293 3932
628 1262
629 1291 1657 1740 2125 3016 3076 3501
630 1969 2462
631 1517 3200
632 859 1851 2580 3339
633 2349 3836
634 2722
635 697 938 1039 1358 1418 1555 2540 3045 3066
636
637 1518
638 993 2828
639 2958
640 1845 2424
641 1225 1582 3811
642 1241 3049
643 2155 2745 3487 3549
644 3379
645 2701
646 765 795 1215 1741
647
648 735 892 1573 2591 2947
649 714 1036 2767 2797 3213 3943
650 700 1327 1709 1891 2663 2675 2800 3246 3314 3886
651 1545
652 699 2180 2394 2735 3656
653 1585
654 1902
655 694 761 2577
656
657 1061 1438 1776 1860 2162 2236 2543 3197 3391 3487 3979
658 1742 1792
659 1498
660
661 711 1768 2848 3610
662 1338 2977
663 851 1821 2416 3019 3435
664 1710
665 773 1644 2204 2615 2984 3339 3445 3460
666 1078 1836
667 1538 2373 3552
668
669 2503 3260
670 1272 1377 1408 2262 3215 3681
671 846 1465 2367
672 1943
673 1344 3151 3773
674 1147 1594 1984 2343 3798
675 985 1617 1835 1898
676 903 3439
677
678 2439
679 781 820 907
680
681 927 1011 2015 2505
682 1007 2210 3537
683 1178 1933 3116 3845
684 714 2210 3772
685 1030 1057 1389 1506 1854 1974 2761 2838 2877 2891 3808
686 1068
687 3219
688 916 2299
689 1594 1801 3004
690 1209 1990 3355 3473
691
692 2816
693 1112 1236 1237 3338 3875
694 883 1173 1597 3326 3653
695 918 1947
696 1326 2103 3633
697 822 1002 2818 3476 3815
698 703 771 1125 1879 3535
699 1238 1905 2009 2132
700 829 1350 2378
701 1950
702 1371 1855 2641 3561
703
704 1044 1628 3912
705 803 965 1356 1887 2269 2817 2962 3486
706 3744
707 1111 2306 2599
708 880 1760 1996 2628 3801
709 1424 1428 2131 2876 2972 3092 3343
710 997 2151
711 775 1092 1563 2237 3290 3902
712
713 1503 2562
714 1091 1372 1598
715 960 1248 2059
716
717 729 1124 1550
718
719 1454 2329
720 1831 1936
721
722 3124
723 954 1177 1241 2129 3010 3123
724 3532
725 853
726 1320 1759 2243
727
728 1409 1492 1499 2033 2610 2878 3907
729
730 2122
731
732
733 1317
734 2359 3146 3467 3732
735 910 1473 2978 3011 3867
736
737 2032 2666 3644
738 1786
739
740 855 2096 3759
741 968 1340
742 1067 1192 1230 1523 1575 3921
743 746 760 1270 2017 3415 3519
744 1211 1223 1358 3243 3970
745
746 1300 1301 1864 2088
747 1173 1848
748 763 2539 2554
749 765 1818 2181 2310 2441 3123 3865
750 913 1102 1156 1171 1725
751 924 1120 2493 3013 3640
752 1896
753 1025 1157 2316
754 843
755 1606 2345 3437
756 2428
757 2076
758 1038 1422 3483
759
760 934 2177 2239 2370 2457 2707 3010 3171
761 3660
762 976 1456
763 1656
764 895 1274 1517 1554 1700 2840 3321
765
766 945 1849 1870
767 1192 1443 1718 1971 2498 2625 3236
768 1795
769 2340
770 914 922 972 1006 1650 1909 2251 3232 3737
771 2574
772 3681
773 928 1550 2452
774
775
776 987 1843 2823 3514 3694
777 2371 2716
778 1880 3500 3926
779
780
781 3859
782 819 937 1111 1673 3918
783 1228 3642
784 2023
785 3048
786 875 1400 1812 3637
787 2217
788 854 1745 2048 2255 3493 3741
789 2019 2471 2500 2926
790 2208 2651
791 3009 3770
792 1651 2151 2752
793 1247 2400
794 865 1444 2361 2415
795 2045
796 873 2052 3075
797 2046
798 927 2742 3318
799
800 2158 2448 2506 2998 3179 3380
801 1528 1640 2071
802 2987 3195
803 2749
804
805 1226 3405
806 1498
807 1494 3429 3531 3963
808 1337
809 1512 3847
810 2459
811 1101
812
813 1347
814 1534 2909 3731
815 1046 1302 2795 3464
816 1210 1662 2013 2418 3757
817 1061 1579 3883
818 942 979 1732 2005
819 983 1328 1390 1711 2200 2482 3768 3816
820 1552 2348
821 842 1897 1996 2553 3727
822 1277 1959 2771
823
824 1748 2653 2873 3586
825 833 926 1326
826 832 992 1021 3011
827 1853
828 970 1629 1735
829
830 1303 1412 1489 2513 3231 3608
831
832 3433
833
834 1329 1696 2728 2919
835 1395 1436 1537 2402
836 2940
837 1490 1961 2416 2525
838 1116 1343 1695 2498 2824 2844
839 3296
840 940 2380 2406 2654 3216
841 1293 1783 2991 3514
842 1340 2007
843
844 3440 3821
845
846 1816 2569
847 946 982 1139 1190 1784 2281 2930
848 1308 2291 3015 3344
849
850 2839
851
852 2572 3366
853 1060 3105
854 2956
855 1308
856 2044
857 2361 3872
858 1131 2360 3035 3286 3365
859
860
861 2525 2895
862 1695 1928 2727 3223
863 3367
864 889 1325 2306 2544
865 1220 2386
866
867 1602 1902
868
869
870 3850
871 2299 3560 3781
872 1545 1632 3451 3843
873 1324 1671 1909 2008 3149 3211 3434
874
875 935 954 3841 3897
876 890 1362 1867 2802 2844
877 975 1099 2276 2609 3295 3922
878 1403 2111 2325 3767
879 971 1017 1537 2138 2398 3063 3674 3725 3996
880
881 1574 2619 2878
882
883
884 1444 2433 2658 3161
885 1037 1919
886 1152 1196 1754 3347 3378 3522
887
888 1980 2098 3087
889 2799
890
891 3938
892 1737
893 1639
894 1239 2514
895
896 1547
897 1028 1325 1917 3709 3958 3973
898
899 3115 3458 3829
900 2261 3955
901 1232 1730 3916
902 2444 3077 3641 3844 3983
903 3841
904 918 1222 2381 3068
905 2250 2291 2547 2677
906 1306 1678 3143
907
908 1387
909
910 1109 1770 2021 2355 3462
911 2074
912 1299
913 3083 3447 3650
914 1757 2116 2222 3194 3967
915 1186 1684
916
917 1871 3078
918 1058
919 1771 2574
920 1287 2887
921 924 2072 2582 3936
922 1138 2502
923 2388
924 1158 1335 1465 3264 3395
925 2792
926 1441 2317 2374
927
928 1313 1480 2764 3584
929 2687 2821 3398
930 1375
931 1243 1486 2056 2212 3201
932 969 2282
933 1047
934
935 1005 2034 3386 3408
936 2119
937 2304
938 2121 2718 2754 3353 3527 3592
939 2897 3719
940 3623
941 1460 3296 3956
942 1919
943 3402
944
945 1683 3768
946
947 1819
948 3471
949 1190 3156
950 1599 1886
951
952
953 2190
954 1530
955 1705 1784 1825
956 1171 2929
957 1809 3178
958 1216 1933 2801 2905 3285 3352 3604
959 1143 2318 2723 2726
960 2597
961 1468 1884 2194 3763
962 1685 1690 3137
963 2773 3642
964 2609 2920
965 3420
966 1286
967 2018 3253
968 2024
969 1042 2512
970 1967 3566 3984
971 2478
972 1269 2323 2573 3165
973
974 2456 3044
975 1105 3172
976
977 1542 1667
978 1218
979
980 1388
981 2876
982 1206 1256 2879
983
984 1067 1361 1404 2532 3980
985
986
987 2369 2513 3106 3662
988
989
990
991 3001
992
993 1110
994 1652
995 1119 1681
996 1260 1362 3914
997 1527 2827 3374 3638
998 2372 3672
999 1264 1595 1664 2178 3671
1000
1001
1002 1227 3348
1003 1925
1004 2220 2649
1005 1170 1242 2225 2565 3521
1006 1904 2566
1007 2588
1008
1009 3452
1010 1589 3426
1011 2719
1012 1082
1013 1292 3428
1014
1015 1246 1381 3202
1016 1988
1017
1018
1019 1675 1685 2328 2867 3468
1020
1021 1179 1772 2810 3569
1022 1715 1998 2118 2300 2523 3235
1023 3367
1024 2146 2332 2615
1025 2046 3241 3543
1026 2596
1027 1822
1028 3346 3948
1029 3290
1030
1031 1458
1032
1033 1414
1034 1254 2347 2798 3570
1035 3486
1036 1957
1037 1894 3623
1038 1532 2366
1039 1127 2271 2656 3394 3409
1040
1041 1080 1455
1042 1268
1043 2986
1044 1244 2328 2647 3863
1045 1305 1352 2139
1046 1924
1047 1573
1048 3665
1049
1050 2382 3871
1051
1052 1164 1639 3702 3891
1053 1968 3579 3882
1054
1055 2943 3056 3181
1056 2684 3431
1057 2875
1058
1059 2889
1060 2475 3721
1061 1804 2938
1062 1948 2711 2832 3297
1063 1148 1314 1332 1462 1618 2067 2222 2472 3162 3467 3931
1064 2954
1065 1446 2037 2495 3707
1066 1434 2123 2568
1067 1297
1068 1910 2203 2384 3052
1069 1354 1649 2639
1070
1071 1789
1072
1073 1273 1659
1074 1405 3565
1075
1076
1077 1875 2108 3027 3065 3479 3580 3595
1078 1519 1761 1865
1079 1329 2613
1080 2833
1081 1176 1508
1082 2366 2467 2742
1083 1250 1316 1867 2491 3410
1084 1729 1754
1085 3480 3684
1086
1087
1088
1089
1090 2518 3369
1091 2617 2939
1092 1491 2114
1093 3614
1094 2349 3618
1095
1096
1097 1939
1098 3030
1099 2800
1100 2631 2976
1101 3070 3304
1102 2229 2465 3178
1103 1128 1154 1164 3097 3099 3782
1104
1105 1963
1106 1932 2044 3273 3449 3661 3896
1107 2313 2831
1108 3548
1109 1368 1959
1110 3191
1111 2057
1112 1553 1869 2091 2257
1113 1250 1930
1114 1317 1600 2064
1115
1116 1449 1966
1117
1118 1307 1433 2762 3614
1119
1120
1121 2477
1122 1504 1616 1893 3890
1123 1942
1124
1125 1378 1497 1785
1126 2652 2887 3385
1127 1139 3821
1128 1198 2244
1129
1130
1131 1706 1747
1132 3110 3357
1133 1240 1736 2933 3584
1134 1393 1676
1135 1538 2959 3067 3378
1136 1447 1648 2277 2632 2861
1137 3571
1138
1139
1140 1704 2193 3511
1141 2784 3268 3703
1142 3150 3663
1143 1698 3371
1144 2171
1145 2399
1146
1147 2862
1148 1357 2723
1149
1150 1607 3478
1151 2163 2840 3448
1152
1153 1765 3229 3283 3389 3689
1154
1155 3899
1156 1383 1492 1551 1593 1949
1157 2385 2551
1158
1159
1160 3221
1161 1756 1773 1896 2041
1162 1702
1163 1738 2953
1164
1165
1166 1186 1266 2132 2442
1167 3910
1168 1370
1169 2859
1170
1171 2180 2712
1172 3217
1173 1338
1174 1339
1175 2050
1176 1799
1177 1664
1178
1179
1180
1181 1989 2053 2520
1182 1210
1183 1525 3895
1184 3572
1185 2077 2423 2644 3359
1186 1198 2385 3364 3972
1187 1244 3907
1188 1396 1526 1708 2100 2311 3324 3474
1189 1719
1190 1859 1960
1191 1478 3197 3414
1192 2206 3108
1193 1321 1701 3524
1194 2968 3525
1195
1196 1677 2095
1197
1198
1199 3419
1200 3779
1201 2418
1202 3706
1203 1529
1204
1205
1206 2871 3533
1207 1353 3152
1208
1209 1636 3617 3892
1210 2379
1211 1539 1669 2221 2924
1212 2060 2342
1213
1214 1309 1785 2141
1215 1554 2826
1216 1259 3023
1217
1218
1219 1371 1409 1877 3128 3298
1220 2170 3541
1221
1222 1641
1223 1965 3118
1224 1599 1751 2877 3923
1225
1226
1227 1839 2775
1228 1868 2772 3048 3124
1229 2646 3564
1230 1723
1231 1847 2042 2095 3667
1232 1952 2478 2914 3802
1233 3086 3939
1234
1235 3928
1236 2237
1237 2608 3153
1238 1844 2173 2672 3277
1239 1853
1240 2690
1241 2308
1242
1243 2086 3539 3900
1244 3635
1245 1489 2169 2383 2425
1246 1620 1718 2814 3171
1247 2999
1248 1741 2031 3018
1249
1250 1693 2033 2497 2834 3087 3969
1251 3132 3255
1252 2054
1253 1875 2303
1254 1315 1470 2320
1255 1954 2803 2819 3393 3757
1256 1842
1257 3299
1258 1967
1259 1276
1260 2439
1261
1262 2266
1263 1524 2376
1264
1265 3413
1266
1267
1268 1634 2812 3842
1269 1482
1270
1271 1778
1272 2227
1273 1662 2582
1274
1275
1276 1331 1481 2155
1277 1341 2399
1278
1279 1668 2587
1280 1583 1680 2290 3007 3084
1281
1282 1823 3267
1283 3346
1284 1448 1945 2678 2765
1285
1286 3053
1287 1723
1288
1289 1512 2568
1290 2079 2261 3796
1291 2555
1292
1293
1294
1295 1348
1296 1313 1500 1885 2015 3095 3946
1297 3156
1298 1649 2348 2851
1299 1643 3122 3542 3857
1300
1301 1521
1302
1303 2900
1304 1509 2071 2094 2485 2607 3001
1305
1306 1861
1307
1308 2074
1309 2964
1310
1311 2569
1312 1763 1845
1313 2616 3588
1314 1769 2146 3505
1315 1472 2301
1316 3293
1317
1318 2835
1319 2038
1320
1321 2379 3167
1322 3174 3184
1323 1613 2710
1324 2946
1325 3421
1326
1327
1328
1329
1330 3041
1331 1541
1332 2471
1333 1752
1334
1335 2065 3806
1336 1626 1698 2747 2772 3660
1337
1338 1889
1339
1340 2473 2796 3043 3616 3677
1341
1342 2793
1343
1344 3280
1345 1357 1471 1694 1950 2189 2297
1346 3322
1347
1348
1349
1350
1351 3641
1352 3335
1353
1354 3497 3557
1355
1356 2427 3683
1357
1358 2376 3056 3190
1359 2284
1360 1774 2707
1361 2492
1362
1363 1461 2507
1364 2813
1365 2893
1366 2037
1367 3342 3543 3984
1368 2161
1369 2066 2184 3540 3569
1370 1603 3971
1371
1372 3590
1373 2744 2914 3646
1374
1375 2230
1376
1377 2201 2524 3150
1378 3817
1379 1724 1873
1380 3573
1381 2164 2936 3403
1382
1383 1647
1384
1385 2818
1386 1731
1387 1928 2198
1388
1389 2159
1390 3003
1391 2377
1392 1855
1393 1797 3649
1394 1399 2633
1395
1396 3762
1397 1557 3860
1398 1822 2645
1399 2682
1400
1401 1888 3019
1402 1645
1403
1404
1405 2181 2346 3775
1406 1430 1707
1407 3676
1408 1857
1409
1410 1592
1411
1412 1844 2207 3857
1413
1414 3631 3929
1415
1416 1486
1417 1782 1974 2548 2912 3148
1418 1622 1627 2077 3629
1419 2644 3581
1420 1773 2733
1421
1422
1423
1424 1568
1425 2621
1426
1427 1937
1428 2144 2232 3574
1429 1638 1977 2616 3401 3691
1430
1431 2059 2508 3169 3261 3611 3637
1432 1602
1433 2216 2787
1434 1441
1435
1436 1553 2149
1437 1643 1862 2198 3219 3328
1438
1439
1440 2537 2931
1441 2436 3289 3659
1442
1443
1444 1934
1445 2344 2896
1446
1447
1448 2522
1449 1568 2001 2221 3544
1450 2469 3515
1451 1507 1647 2607
1452 2341
1453
1454
1455 1483 1981 2695 2882 3735 3822
1456 3964
1457 1951 2339
1458 2453 2805 3193 3354
1459 2579
1460 2167 2205
1461
1462 1477 3414
1463 1609 2605
1464
1465
1466 1548 1715 1900 2065 2744 3525
1467 2953
1468 2838 3760
1469 1861 3126
1470 3736
1471 1515 1533 2268 3872
1472
1473 1642 1674
1474 2640 2895 2933
1475
1476 2281 3676
1477 1632 3618
1478 1514 2006 2728 3858 3989
1479 1851 3577
1480 1823 2133 3035 3107
1481 2780
1482
1483
1484
1485 3530
1486 2781
1487
1488 3272
1489
1490
1491
1492 1994 2794
1493 2703
1494
1495 1655 2264 3097 3227
1496 2934
1497 2490 2894
1498 1806 3661
1499 1923
1500 1921 2191
1501 3439
1502
1503 1968
1504 2231 3616
1505
1506
1507 1820 3323 3551 3895
1508
1509
1510 2770 3039 3843
1511 1608
1512
1513
1514
1515 2278 3395
1516
1517
1518 1943
1519 3259
1520
1521
1522
1523 2270
1524
1525 1728 2051 2937
1526
1527
1528 3095
1529 3816
1530 3078 3482
1531 1691 2229 2248
1532 2310
1533 3269
1534
1535
1536
1537 2443 2489
1538 1556 2985 3310
1539
1540 1899 3281
1541
1542
1543
1544 2220 3060 3605
1545
1546
1547
1548 2048
1549 1960 2307 2430 3068 3224
1550
1551 1615
1552
1553 1626 3701
1554 1624 1829 1922 2530 3042 3948
1555 3311
1556 2322 2757
1557
1558 2641
1559
1560
1561
1562
1563 1937 2017 2571
1564 2941 3274 3792 3840
1565 1731 1765
1566 3485
1567
1568 3108
1569 2393
1570 1931
1571 3775
1572
1573 1900
1574
1575 3849
1576 1619 2592 2715 3230 3813 3934
1577
1578 3478
1579 1827 1841 1874 2677 3459
1580 1992 2264 2730
1581 3206
1582
1583
1584
1585
1586
1587
1588 3323
1589 2648 2922
1590 1634
1591 2815
1592 2535 3180 3268
1593 3766
1594
1595
1596
1597
1598 1621 1797 2542 3081 3894
1599
1600 2623
1601 3927
1602 2925
1603
1604 1913 2016 2022 2067 2464
1605
1606
1607 2645
1608
1609
1610
1611
1612
1613 3199
1614
1615 2392 3812
1616
1617 1753
1618 2932
1619
1620
1621
1622 2820 3090
1623 2731
1624 2491
1625 2084
1626 1650
1627 3666
1628
1629 3084
1630
1631
1632 3604
1633 2771 3286
1634 1935
1635
1636
1637
1638
1639
1640
1641 1739 1962 2921
1642
1643 3344
1644 3837
1645
1646 2091 3846 3860
1647 1720 3572
1648 2106
1649 2047 3753
1650 2411
1651 2993
1652
1653 2845
1654 1704 2396 3953
1655 1697 2496 2578 3556
1656 3789
1657 2081
1658 2906 2989 3351 3769
1659 2685
1660
1661
1662
1663 3399 3862
1664 1686 3923
1665 3111
1666
1667
1668
1669 3565
1670
1671
1672
1673 1828 3280
1674 2856
1675
1676 1733 3166
1677
1678 2630 2650 2912
1679 3738
1680 2169 3151
1681 2717 3740
1682 3119
1683 1852 2853 3742
1684 2602 3513
1685
1686
1687 1973 2538 3064 3485
1688 3003
1689
1690
1691 3882
1692
1693 2218
1694 1882 2706
1695
1696 1935
1697
1698
1699 1868
1700 2066 3241
1701
1702
1703
1704 1720
1705 2438
1706 2062 2263
1707
1708
1709
1710 2464 2528
1711 3490
1712
1713 3252
1714 2305
1715 3831 3952
1716 2622
1717 1876
1718 2788 3581 3833
1719
1720 2959
1721 1856 2201 2354 3180 3979
1722
1723 2178
1724 3308 3387 3438
1725 2079 3309
1726
1727
1728 2544
1729
1730 3678
1731
1732 2996 3294
1733 2729 3167
1734 1895 2710
1735 2970 3502
1736 2124 2375 2621 2922 3147 3754
1737 2053 3776 3787
1738
1739
1740
1741
1742 2157 2246 2496 3526
1743 2673
1744 2105 2505
1745
1746 2721
1747 1820 3100
1748 2055 3808
1749 2686
1750 3093
1751
1752
1753 2810
1754
1755 3766
1756
1757 1796 2233
1758
1759 1979 2050 2093 2987 2995
1760
1761
1762
1763 3982
1764 1858
1765 1989 3438 3710
1766 2614 3225 3947
1767
1768
1769 3158
1770 2696
1771
1772
1773 2386
1774
1775
1776 3976
1777 2415 2865 3023 3691
1778 1805 2176
1779 2699
1780 2791
1781 2128
1782
1783
1784 1800 2240 3358
1785 3143
1786 2735 3988
1787
1788
1789 2286
1790
1791 2212
1792 2381
1793 2704
1794
1795 1825 2898
1796
1797 3207
1798
1799 3012
1800 1899
1801 2290
1802
1803
1804
1805
1806
1807 3163
1808 2076
1809
1810 2901 3835
1811
1812 2599
1813
1814
1815
1816
1817
1818 1824 2746 3416
1819
1820 1827
1821 2030 2159 2770
1822 2631 3884
1823
1824
1825
1826
1827
1828 1907
1829 2402 3818
1830
1831 2089 2137 2466 2727 2870 3099 3792
1832
1833
1834 1908 2902
1835 3120
1836 2284 2779
1837 3077
1838
1839 3047 3620
1840 2427 3838
1841
1842 2014 2126 3430 3993
1843 3401
1844
1845 2012
1846
1847 2102
1848
1849
1850 3101
1851
1852 1918 2857
1853
1854
1855
1856
1857 3999
1858
1859 3777
1860 2696 2743
1861 1953 2204 3375
1862 2027 2315 2871 3320
1863 2516 3177 3937
1864 2039 3595
1865 3227
1866
1867
1868
1869 2459 3115
1870
1871
1872 1873 2272
1873 2087
1874 1912 3340
1875
1876
1877 2054 2603 2904
1878
1879 2983 3017 3652
1880 3258 3342
1881 3987
1882
1883 3545
1884
1885 2873
1886 3881
1887 3315
1888
1889
1890 2442 3338
1891 3190
1892 2104 2168
1893 3669 3783
1894 2777 3817
1895 2494
1896
1897 2898
1898
1899 3509
1900
1901 2110
1902 3417
1903 3436 3598
1904 3538
1905
1906
1907
1908 2593
1909
1910
1911
1912 3898
1913
1914 2591 2785 2897
1915
1916
1917
1918 3361
1919
1920
1921
1922 3911
1923 1947 3106 3131
1924
1925 2938
1926 3061
1927
1928
1929 3911
1930
1931 2089 2161 2436 2969 3170 3336 3354
1932
1933 2649
1934 3610
1935
1936 2080 3650
1937
1938
1939
1940
1941 2479 3329
1942
1943 2798
1944 2620
1945 3852
1946 2529
1947 2767
1948 2679
1949
1950
1951 3211
1952 1954 2534
1953 2099 2449 3652 3782 3975
1954 2323
1955 2083 3316
1956
1957 2112 2292 2642 2706
1958
1959
1960 2575
1961 2558
1962 2595
1963 2751
1964 2117 2570 2855
1965 3510 3917
1966 2778 3441 3666
1967
1968 3563
1969
1970
1971 2152
1972 2142 2421 3046
1973 2396 3064
1974 2997
1975 2019
1976
1977 2274 2331 2567 3387
1978
1979
1980 2131 2454
1981
1982
1983
1984
1985 3075
1986 2373
1987 2362 3653
1988
1989 3040
1990 3597
1991
1992
1993
1994
1995 2781
1996 3985
1997 2166 2247 2670 3014 3433
1998 2463 2880
1999
2000
2001 2923 3794
2002
2003 2909
2004 3009 3781
2005 2477
2006 2944
2007 2010 2296 2321 2709 3669
2008
2009 2951 3715
2010 3654
2011
2012 2660 3249
2013
2014 2520 2593
2015 2144
2016
2017
2018
2019 3269 3789
2020
2021
2022 2766 3755
2023 2421
2024
2025
2026 3747
2027
2028
2029
2030 3071
2031 2697
2032
2033
2034 2782 3571 3730
2035 2241
2036
2037 2302 2590 2679 3682
2038
2039 2342 2758
2040
2041 3692
2042
2043 3146 3928
2044
2045 3479 3705
2046 2921 3855
2047
2048 2458
2049
2050
2051 2730
2052
2053 3237
2054 3779
2055
2056 3601
2057 2257
2058
2059 3622
2060
2061 2254
2062
2063 2733
2064 2334 2388 2474 2713 3947
2065 2156 3429
2066 2585
2067
2068 2409
2069 2462 2683 3185
2070 2531 3079
2071
2072 2476
2073
2074
2075 2670
2076
2077 2279 2807 2858 3416
2078
2079 2440
2080 2367
2081
2082
2083
2084 2447 3164 3965
2085
2086 3154
2087 3388
2088
2089 2301 3488
2090
2091 2365 3472
2092 3449
2093 2720
2094 3351 3756
2095
2096 2130 2163
2097 3731
2098
2099 2540
2100 3327
2101
2102
2103 2252
2104
2105
2106
2107
2108
2109 2966
2110 3417
2111
2112
2113 2249 3626
2114 2565
2115
2116 3962
2117 3864
2118
2119 3839
2120 3240
2121 2481 2682 2974 3336 3455
2122
2123 2804
2124 2218 2741
2125
2126
2127 2526
2128 2888
2129
2130 2623 3172
2131
2132 3129
2133
2134
2135 2676 2702 3318 3918
2136
2137 2783
2138
2139 3528
2140
2141 2821
2142
2143 2663
2144 2885
2145 2413
2146
2147 2450 2634
2148
2149 2215 2345 3454 3456
2150
2151 3325
2152
2153
2154
2155 2384 3734
2156
2157
2158
2159 2193
2160
2161
2162
2163 2185 3130
2164 2199 3017 3093 3285 3587
2165 2277
2166
2167
2168 3059 3881
2169
2170 3959
2171 2819 3423
2172
2173 3213 3844 3955
2174
2175
2176
2177
2178
2179 3504
2180 3847
2181
2182 2699 3153 3728
2183
2184
2185 3287 3534
2186 2260 2584
2187 3312
2188
2189 3032
2190 3406
2191
2192
2193
2194
2195
2196 2331 3126
2197 2868 3292
2198
2199
2200 2267
2201
2202
2203
2204 2449
2205
2206 2382
2207 2279
2208
2209
2210
2211 2942
2212
2213 2437
2214 3311 3729
2215 3117 3670
2216
2217
2218
2219
2220 3412
2221 2263 3739 3893
2222 3664
2223
2224
2225 2239 3548
2226 3321
2227
2228 3566
2229 3778
2230 3400
2231 2955
2232
2233 2576
2234 2559
2235 3128 3750
2236
2237
2238
2239
2240 2470
2241
2242 3015 3552
2243
2244
2245
2246
2247 3054 3522
2248
2249
2250
2251
2252 3096
2253
2254
2255 2688 2746
2256 2674
2257
2258 3624
2259
2260
2261 3606 3889
2262 3924
2263
2264 3638
2265
2266
2267
2268 3599
2269 2961 3806
2270
2271
2272
2273 2352 3201 3383
2274 2718
2275
2276
2277
2278 3995
2279 3307 3403 3801
2280 2521 3561 3755
2281 3341
2282
2283
2284 2447 2700
2285
2286
2287
2288
2289
2290 2494 2738 3256
2291 2455
2292
2293
2294
2295 3245
2296
2297
2298
2299
2300 2309
2301
2302 2546 3391 3732
2303 3079
2304
2305 2883
2306
2307
2308 3520
2309 2944
2310
2311
2312
2313
2314
2315
2316 3117 3312
2317
2318 2705 3793 3864
2319
2320 3352
2321
2322
2323 3157
2324
2325 2401
2326 2553
2327 3804
2328
2329 3040
2330
2331
2332
2333 2664 3913
2334
2335
2336
2337 2815
2338 3558
2339
2340 3125
2341
2342
2343 3588
2344
2345 2842 2886
2346 3966
2347
2348 3480
2349
2350 2899 3176
2351
2352 3630
2353
2354
2355
2356
2357
2358
2359
2360
2361 3891
2362 2829
2363
2364 2425
2365
2366
2367
2368 3418
2369
2370 2592
2371
2372 2486
2373 2753
2374
2375
2376
2377
2378 2995
2379
2380
2381
2382
2383
2384
2385 2516
2386 2642
2387
2388
2389
2390
2391 2974
2392 2461 3335
2393
2394
2395 2465
2396 2488
2397
2398
2399
2400 2509
2401 2940 3109 3279
2402 3888
2403
2404
2405
2406
2407
2408 2668 3606
2409 2617
2410 2861 2927 3173 3325
2411
2412 3234
2413
2414 2834 2969
2415 2659 3220 3600
2416
2417 3553 3846
2418
2419
2420
2421 2556
2422
2423 3136
2424
2425
2426 2638 3491
2427
2428 3959
2429
2430
2431
2432
2433
2434
2435
2436
2437 2988
2438
2439 3912
2440 3103 3706 3879
2441
2442 3149
2443 2714 3050 3828 3878
2444 2539 2919
2445
2446 3970
2447 3904
2448
2449
2450
2451
2452
2453 2561 3848
2454 3899
2455
2456
2457
2458 2527
2459
2460
2461
2462
2463 3677
2464 3767
2465
2466 3074 3371
2467
2468
2469
2470
2471
2472 2526 3368
2473
2474 2732
2475 2654
2476 3008
2477
2478
2479 3129
2480
2481 3658
2482
2483
2484 2988 3176 3724
2485
2486 2575 2913 3440 3579
2487 3762
2488
2489 3521
2490 3247 3331
2491 2626
2492 3204
2493
2494
2495
2496 3470
2497
2498
2499 3509
2500
2501 2941 3313
2502
2503 2791
2504 3712
2505 3784
2506 2681
2507 2836
2508
2509
2510
2511
2512
2513
2514
2515
2516 2935
2517
2518 2717
2519
2520
2521 3592
2522
2523
2524 2832
2525
2526
2527
2528 3739
2529 3057
2530
2531
2532
2533 3308
2534 3826
2535
2536
2537 3132
2538
2539 2989
2540
2541
2542
2543
2544
2545
2546
2547
2548 3033
2549
2550
2551
2552
2553
2554
2555 2917
2556
2557
2558
2559 3446
2560
2561 2613 3034
2562
2563
2564 2811 3047
2565
2566
2567 3270
2568
2569 2858
2570
2571 3635
2572
2573
2574 3221
2575
2576
2577
2578 3698
2579
2580
2581
2582
2583
2584
2585
2586 3999
2587 3714
2588
2589
2590 2965
2591
2592 3798
2593
2594
2595
2596
2597 2691 2809
2598
2599 3465 3545
2600
2601 3159
2602 3185 3432
2603
2604
2605
2606
2607 3090
2608
2609 2811
2610
2611
2612
2613 3515 3688 3780
2614
2615
2616
2617
2618
2619 3189 3374
2620 2638 3498
2621
2622 2684
2623
2624
2625
2626
2627
2628
2629 3451 3751
2630
2631 2656
2632
2633
2634
2635
2636
2637
2638
2639
2640
2641
2642
2643 2841 2869
2644
2645 3920
2646
2647
2648
2649 3292 3842 3886
2650 2820 3396 3997
2651 2805 3141 3436
2652
2653
2654
2655 3598
2656
2657
2658
2659 3028 3334
2660
2661
2662 3696 3720
2663
2664
2665
2666
2667
2668
2669
2670
2671
2672 2695
2673
2674 3613
2675
2676
2677
2678
2679
2680 2888 3749
2681
2682
2683
2684 3122 3854 3939
2685
2686
2687 3242
2688
2689
2690
2691
2692 3110 3394
2693 3752
2694
2695
2696
2697
2698 3373 3463
2699 3053
2700
2701
2702 2846
2703
2704 3496
2705
2706 3356
2707 3089
2708
2709 2813
2710 3476
2711
2712
2713
2714
2715 2915
2716 3145 3804
2717 2957
2718
2719 3060 3756
2720
2721
2722
2723 3482
2724
2725
2726
2727
2728
2729
2730
2731
2732
2733
2734
2735
2736 2755 3052
2737 3987
2738
2739
2740
2741 3475
2742
2743
2744
2745
2746 3358
2747
2748
2749
2750
2751
2752
2753 3168 3404
2754 2896 2975
2755
2756
2757
2758
2759
2760 3120 3583
2761
2762 2865 3279
2763
2764
2765
2766
2767
2768
2769 2793
2770
2771
2772 3917
2773
2774 2885 2946
2775 2908 3397
2776
2777
2778
2779
2780
2781
2782
2783
2784
2785 3392 3473
2786
2787
2788
2789
2790 3362 3989
2791 3929
2792
2793
2794
2795
2796 3187 3682 3961
2797
2798 2807
2799
2800
2801
2802
2803
2804
2805
2806
2807 3894
2808 2852 3072 3562
2809
2810
2811
2812 3699
2813
2814
2815
2816
2817
2818
2819
2820
2821 3754
2822
2823
2824
2825
2826
2827
2828
2829
2830
2831
2832 3243 3903
2833
2834
2835
2836
2837
2838
2839
2840
2841
2842 2854
2843
2844
2845
2846 3454
2847
2848
2849
2850 3557
2851 3718
2852
2853
2854
2855
2856
2857
2858
2859
2860
2861
2862
2863 3313
2864
2865 3114 3251
2866 3196
2867
2868
2869
2870
2871 3582
2872 3400
2873
2874
2875 3597
2876
2877
2878 3815
2879 3978
2880
2881 3284
2882 3568
2883
2884
2885
2886
2887
2888
2889
2890
2891 3008 3794
2892 3252
2893
2894
2895
2896 3455 3746 3764
2897
2898
2899
2900
2901
2902
2903
2904 3376
2905
2906
2907
2908
2909
2910 3013
2911 3328
2912
2913
2914 3276
2915 3263
2916 3096 3853
2917
2918 3549
2919 3350
2920
2921 3177
2922 2967
2923 3021 3837
2924
2925
2926 3930
2927
2928 3696
2929 2993 3625
2930
2931
2932
2933
2934
2935 3770
2936 3393
2937
2938
2939 3978
2940
2941
2942
2943 3182 3956
2944
2945
2946
2947
2948
2949
2950
2951
2952 3656
2953
2954
2955
2956 3450
2957 3969
2958
2959
2960
2961
2962
2963
2964
2965
2966
2967
2968
2969
2970
2971
2972 3793
2973
2974 3063
2975
2976
2977
2978 3632
2979
2980 3712
2981
2982 3225 3370
2983
2984
2985
2986
2987
2988 3799
2989
2990
2991
2992
2993 3384 3877
2994
2995
2996 3659
2997 3274
2998
2999
3000
3001 3169 3874
3002 3809
3003 3189
3004 3818
3005
3006
3007
3008
3009
3010
3011
3012
3013
3014
3015
3016
3017
3018
3019
3020 3524
3021 3866
3022
3023
3024 3627 3688
3025
3026
3027 3858
3028
3029
3030
3031
3032
3033
3034
3035
3036
3037 3684
3038
3039
3040
3041 3673
3042
3043 3640 3910
3044
3045
3046
3047 3423
3048
3049 3878
3050
3051
3052
3053
3054 3107
3055 3536
3056 3242
3057
3058
3059
3060
3061
3062
3063
3064
3065
3066 3317
3067 3092 3764
3068
3069
3070
3071
3072
3073 3868
3074
3075 3520
3076
3077
3078
3079
3080
3081
3082
3083
3084 3933
3085
3086
3087
3088
3089
3090 3893
3091
3092
3093 3805
3094 3175 3871
3095
3096
3097
3098
3099
3100
3101
3102
3103
3104
3105
3106
3107 3495 3977
3108
3109
3110
3111
3112 3506 3835
3113
3114
3115
3116
3117
3118 3444
3119
3120 3751
3121 3906
3122
3123 3195 3258
3124
3125
3126 3377
3127
3128 3214
3129 3576
3130
3131
3132
3133
3134
3135
3136
3137 3498 3950
3138
3139 3233
3140
3141 3372
3142
3143
3144
3145 3205
3146
3147
3148
3149
3150 3807
3151
3152
3153 3759
3154
3155
3156
3157
3158
3159
3160
3161 3931
3162
3163
3164 3905
3165
3166
3167
3168
3169
3170
3171
3172
3173
3174 3644
3175
3176 3647
3177
3178 3295
3179
3180 3234
3181
3182
3183
3184
3185
3186
3187
3188 3717
3189
3190 3700
3191 3982
3192 3294 3303
3193
3194
3195
3196
3197 3424 3645
3198
3199
3200
3201 3915
3202
3203
3204
3205
3206 3327 3788
3207
3208
3209
3210
3211 3231
3212 3651
3213 3226
3214
3215
3216
3217
3218 3244
3219
3220 3790
3221
3222
3223
3224
3225
3226
3227 3558
3228
3229
3230
3231 3675
3232
3233
3234
3235
3236
3237 3306
3238
3239
3240 3547
3241
3242
3243
3244
3245
3246 3582 3587
3247
3248
3249
3250
3251
3252 3636
3253
3254
3255
3256
3257
3258
3259
3260
3261 3427
3262
3263
3264
3265
3266
3267 3559
3268
3269
3270
3271
3272
3273
3274
3275 3596
3276 3940
3277
3278
3279
3280
3281
3282 3834
3283
3284
3285
3286
3287 3602
3288
3289
3290 3453 3594
3291 3398
3292 3776
3293
3294
3295
3296
3297
3298
3299
3300
3301 3420
3302
3303
3304
3305
3306
3307
3308
3309
3310
3311
3312
3313
3314
3315
3316
3317
3318
3319 3320
3320
3321
3322
3323 3551
3324
3325
3326 3329
3327 3382
3328 3949
3329
3330 3615
3331
3332
3333
3334
3335
3336
3337
3338
3339
3340
3341
3342
3343
3344
3345
3346
3347
3348 3425
3349
3350
3351
3352
3353
3354
3355
3356
3357
3358 3983
3359
3360
3361
3362
3363
3364
3365 3998
3366
3367
3368 3477
3369
3370
3371
3372
3373
3374
3375
3376
3377
3378
3379
3380 3601
3381
3382
3383
3384
3385
3386
3387
3388
3389 3993
3390
3391
3392
3393
3394
3395
3396
3397
3398
3399
3400
3401
3402
3403
3404
3405
3406
3407
3408
3409
3410
3411
3412
3413 3634
3414
3415
3416
3417 3990
3418
3419
3420 3867
3421
3422
3423
3424
3425
3426 3994
3427
3428
3429
3430
3431
3432
3433
3434
3435 3946
3436
3437
3438
3439
3440 3446
3441
3442
3443
3444
3445 3921
3446
3447
3448
3449
3450 3603
3451
3452
3453
3454 3481
3455
3456 3919
3457
3458
3459
3460
3461 3463
3462 3856
3463 3686
3464
3465
3466
3467
3468
3469
3470
3471
3472
3473
3474
3475
3476
3477
3478
3479 3745
3480
3481
3482 3861
3483
3484
3485 3746
3486 3932
3487
3488
3489
3490
3491 3852
3492
3493 3824
3494
3495
3496
3497
3498
3499
3500
3501
3502 3968
3503
3504 3510
3505 3968
3506
3507
3508
3509
3510
3511
3512
3513
3514
3515
3516
3517
3518
3519
3520
3521
3522
3523
3524
3525
3526 3998
3527
3528
3529
3530
3531
3532
3533
3534
3535
3536 3580
3537 3914
3538
3539
3540
3541
3542
3543
3544
3545
3546
3547 3934
3548
3549
3550
3551
3552
3553 3567 3873
3554
3555
3556
3557
3558
3559
3560 3633
3561
3562
3563
3564
3565
3566
3567
3568
3569
3570
3571
3572
3573
3574 3849
3575 3702
3576
3577
3578
3579
3580
3581
3582
3583
3584
3585
3586
3587
3588
3589
3590
3591
3592
3593
3594
3595
3596
3597
3598
3599
3600
3601
3602
3603
3604
3605
3606
3607
3608
3609
3610
3611
3612
3613
3614
3615
3616
3617
3618
3619
3620
3621
3622
3623
3624
3625
3626
3627
3628
3629
3630
3631
3632
3633
3634
3635
3636
3637
3638
3639
3640
3641
3642
3643
3644
3645
3646 3814
3647
3648
3649
3650
3651
3652 3805
3653 3903
3654
3655
3656
3657
3658 3940
3659
3660
3661
3662
3663
3664
3665
3666 3737
3667
3668
3669
3670
3671
3672
3673
3674
3675
3676
3677
3678
3679
3680
3681
3682
3683
3684
3685
3686
3687
3688 3791
3689
3690 3711
3691
3692
3693 3809 3887
3694
3695
3696 3697
3697
3698
3699
3700 3944
3701
3702
3703
3704
3705
3706
3707
3708
3709 3863
3710
3711
3712
3713
3714
3715
3716
3717
3718
3719
3720
3721
3722
3723
3724
3725
3726
3727
3728
3729
3730 3851
3731
3732
3733
3734
3735
3736
3737
3738
3739
3740 3833 3884
3741
3742
3743
3744
3745
3746
3747
3748
3749
3750
3751
3752
3753
3754
3755
3756
3757
3758
3759
3760
3761
3762
3763
3764
3765
3766
3767
3768
3769
3770
3771
3772
3773 3958
3774
3775
3776
3777
3778
3779
3780
3781
3782
3783
3784
3785
3786
3787
3788
3789
3790
3791
3792
3793
3794
3795
3796
3797
3798
3799
3800
3801
3802
3803
3804
3805
3806
3807
3808
3809 3941
3810
3811
3812
3813
3814
3815
3816
3817
3818
3819
3820
3821
3822
3823
3824
3825
3826
3827
3828
3829
3830
3831
3832
3833
3834
3835
3836
3837
3838
3839
3840
3841
3842
3843
3844
3845
3846
3847
3848
3849
3850
3851
3852
3853
3854
3855
3856
3857
3858
3859
3860
3861
3862
3863
3864
3865
3866
3867
3868
3869
3870
3871
3872
3873
3874
3875
3876
3877
3878
3879
3880
3881
3882
3883
3884
3885
3886
3887
3888
3889
3890
3891
3892
3893
3894
3895
3896
3897
3898
3899
3900
3901
3902
3903
3904
3905
3906
3907
3908
3909
3910
3911
3912
3913
3914
3915
3916
3917
3918
3919
3920
3921
3922
3923
3924
3925
3926
3927
3928
3929
3930
3931
3932
3933
3934
3935
3936
3937 3963
3938
3939
3940
3941
3942
3943
3944
3945
3946
3947
3948
3949
3950
3951
3952
3953
3954
3955
3956
3957
3958
3959
3960
3961
3962
3963
3964
3965
3966
3967
3968
3969
3970
3971
3972
3973
3974
3975
3976
3977
3978
3979
3980
3981
3982
3983
3984
3985
3986
3987
3988
3989
3990
3991
3992
3993
3994
3995
3996
3997
3998
3999
