#C:/Users/timos/Documents/GitHub/simulating-vaccinations/code/network.py
# GMT Sun Dec  2 15:21:41 2018
# 
0 2 35 47 67 71 160 190 227 280
1 2 3 4 5 8 17 21 29 31 45 60 77 88 90 93 126 134 148 153 159 193 233 237 257 266 275 294
2 3 5 6 10 12 14 20 21 22 37 39 49 67 69 174 196 263 264 277 292
3 4 10 13 15 18 29 70 98 100 122 175 181 195 258 267 291
4 7 8 9 11 20 33 42 55 106 162 164 181 212 250 296
5 6 7 9 27 28 34 43 48 49 51 62 64 90 101 103 151 152 190 212 239 242 272 273 276 280 294 299
6 11 16 19 23 26 30 37 38 47 50 60 62 64 99 101 104 105 113 116 121 130 134 151 153 159 165 182 188 203 204 210 217 244 249 252 289 290 293 295
7 24 28 36 42 44 53 83 118 173 191 205 211 268
8 12 14 16 26 48 81 149
9 81
10 15 19 27 78 84 114 115 135 141 191 199 245 251
11 17 25 30 34 35 53 55 72 78 102 108 119 173 177 201 222 248 274 285 290
12 13 33 40 79 113 116 158 209 214 291
13 41 50 59 133 164 179 205 287
14 70 121
15
16 18 22 32 57 61 66 71 72 76 91 133 168 188 209 213 229 243 253 297
17 23 31 128 146 149
18 24 36 44 59 63 85 86 124 127 141 144 155 231
19 40 46 54 56 61 108 136 143 182 288
20 102 105 219
21 39 41 73 94 136 156 180 184 193 232
22 107 170 202
23 25
24 38 52 57 65 91 96 98 157 171 178
25 32 51 52 120
26 295
27 80 165 166 175 224 267 279
28 82 125 140 229
29 46 58 73 83 84 94 122 143 154 170 194 284 292
30 43 106 109 111 171 180
31 123
32 283 286
33 203
34 65
35 253
36 45 82 150 163 167 255
37
38 68 85 137
39 87 89 156 232
40 68
41 56 93 172 269
42
43 92 123 130 131 147
44 114 138 197
45 120 162
46 124 242
47
48
49 54 74 95 118 154 223
50
51 112 126 137 158 172 199 200 219 233 241
52 58 63 99 146 288
53 138 206
54
55 195
56 66 69 74 75 77 92 160 176 187 270
57 76 79 80 226
58 88 128 177 220
59 100 286
60 112 215 217 282
61
62 226 270 281
63 129 215
64 225 247
65
66 163
67 97 196 221
68 97 139 211 278
69 75 107 176 178 255
70 119
71 86 117 167
72
73 89 95 131 187
74 157 183 231
75 142
76
77 87 248 249
78 236
79 110 111 189 213
80 104 145 147 169 272
81 117 221
82 109 210 284 297
83 161
84 132 287
85 194 246
86
87 261
88 125 222
89 115 129 148 201 279
90 152
91 262
92
93 224 235 236
94 96 110 161 200 202
95
96 189 204
97
98 140
99 185 198
100
101 103 183
102
103 145
104 197
105 155 216
106
107 127 174 246 273
108
109 261 283
110 139 208
111
112
113
114
115 206
116 207 216
117 218 245 254
118
119 244
120 135
121
122 186 225 241
123 150 166 235 275
124 179 192
125
126
127
128
129 132 186
130 260
131
132 265
133
134
135
136 144 168
137
138
139 142 238
140 293
141
142
143 282
144 289
145
146
147
148
149 230
150 264
151 169 243
152
153
154
155
156
157
158
159
160
161
162
163
164 281
165 185 207 238 256
166 240 251
167
168
169
170
171
172
173 192 239
174
175 228 247
176 208
177
178
179
180 214 252
181 277 296
182 184
183
184
185 220 230 256
186 198
187
188
189
190 254
191 237
192
193
194
195
196
197
198
199
200
201
202
203
204
205 234
206 265
207 240
208 228 299
209
210
211
212 259
213 218 223 271
214
215 268
216
217
218 227
219
220
221
222 258 276
223
224 257
225 234 260
226 271
227 250
228
229
230
231 259
232
233
234 298
235
236
237
238 278
239
240
241 262
242
243
244
245
246
247 269
248 263
249
250
251
252
253 285
254 266
255
256
257
258
259
260
261
262
263
264
265
266
267
268
269
270
271
272
273 274
274
275
276
277
278
279
280
281
282
283
284
285
286
287 298
288
289
290
291
292
293
294
295
296
297
298
299
