#C:/Users/timos/Documents/GitHub/simulating-vaccinations/code/network.py
# GMT Sun Dec  2 15:28:20 2018
# 
0 2 3 4 7 8 10 14 24 27 38 40 49 61 69 105 107 112 117 127 142 147 168 183 285 300 341 350 393 487
1 2 3 9 18 100 305
2 4 6 9 10 19 23 28 33 51 102 110 111 113 119 180 211 220 240 256 261 329 353 354 355 372 407 416 482
3 5 6 7 8 11 15 16 17 27 28 30 31 38 43 58 64 73 105 118 135 146 156 173 184 185 188 189 198 209 219 254 263 278 303 348 352 366 373 388 392 412 440 457
4 5 12 13 14 19 20 23 25 26 32 34 35 40 41 45 50 57 59 60 62 70 74 90 93 97 109 112 119 143 165 167 190 199 205 222 228 243 250 310 318 340 351 456 464 468 476 479
5 15 18 54 72 129 130 155 205 239 242 261 324 389
6 13 51 133 169 223
7 11 56 87 115 188 200 210 217 235 356
8 374 456
9 69 86 124 134 138 161 325 338 362 397
10 12 52 67 114 123 152 190 229 327 357 389 395 415
11 29 36 46 73 86 147 179 210 323 340 443 448
12 21 22 48 60 89 95 291 334 365 446
13 30 47 79 109 140 182 349
14 16 22 24 25 39 63 68 71 78 80 106 132 159 181 193 224 284 333 346 392 463
15 50 56 65 103 116 126 252 381
16 17 49 83 85 121 176
17 53 70 91 280 321
18 21 66 77 106 363 428
19 20 26 35 37 46 59 100 108 131 148 159 164 169 199 267 290 291 342 360 361 421 454 478
20 319
21 44 239
22 180 373 423 466
23 29 43 61 113 172 262 281 315 328 485
24 32 55 57 87 98 123 127 256 260 282 309 325 385 409 438
25 68 90 104 174 233 258 477
26 31 36 89
27 84 116 154 171 196 241 370 421 444 449
28 41 42 74 76 85 166 201 270 288 294 319 330 331
29 79 173 404
30 33 82 268 279 289 377 399
31
32 34 48 55 80 129 160 227 234 277 280 360 402 407
33 44 128 170
34 42 168 300 395 467
35 71 75 82 114 161 177 192 195 286 387 411 441 452 474 493
36 37 77 83 302 356
37 39 47 58 65 66 81 95 115 246 301 400
38 179
39 473 480
40 204
41 124 338 394 405
42 52 118 240 244 394 426 494
43 45 53 96 296 328 335 445
44 63 144 146 465
45
46 54 141 170 304 307 419
47 81 91 98 121 163 234 246 322 339 444
48 382
49 317
50 93 97 192 208 276 425 471
51 62 277
52 94 111 255 336 391 479
53 276 289 299 332
54 92 135 216 294 321 324 337 422 455
55 139 437
56 64 117 125 231 490 491
57 67 130 181 254 269 275 312 371 383 418 473 484
58 186 417
59 76 84 126 165 245
60 99 228 251 334 374
61 88 158 347
62
63 145 149 268
64 101 110 122 178 327 434
65
66 88 92 139 152 326 388 453
67 99 309 450
68 72 225
69 75 250 311 403
70 107 177 189 197
71 122 134 203 215 364
72 132 142 157 285
73 144 357
74 78 236 283 303 310 350 352 460
75 174 410 492
76 163 279
77 94
78 158 178 224 293 302 329 383 385
79 101 237 298 431
80 231
81 104 155 223 267 295
82 378
83 137 138 208 269
84 171 175
85 149 230 435
86 96 193 201 238 345 457
87 137 148 242 367
88
89 102 108 120 128 145 183 187 222 243 249 265 296 322 330 335
90 136
91 150 175 185 218 232 262 273
92 247 253 281 410 494
93 241 331 429
94 103 125 259 447
95 141 182 298
96 184 220 251 346
97 191 209 217 286 351 461
98
99 151 196 293
100 194 264 272
101 213 358
102 151 219 221 247 355 400
103 162
104 292
105 166
106 136 376
107
108 153 232 417
109 398 490
110 140 295
111 344
112 133 154 218 283 287 439 470 487
113 437 459
114 345
115 191 364 366 386 402 405 432
116
117 120
118 446 452
119 156 187 229 306 396 493
120 157 176 225 313 333 413 465
121 380 414
122
123 372
124 131 143 226 270 438
125 466
126
127
128 260
129 160 248 396 399
130 211 216 237 287 375 432
131 153 164 315 406 439
132
133 379
134 271
135
136 167 186 353
137
138 214
139 347 387
140 214
141 212 314 379
142 172 197
143 252
144 198 375
145 492
146
147 150 314
148
149 162 206 207 284 433
150
151
152
153
154 361
155
156 371
157 306
158 212
159
160 202 257
161
162 307
163
164 272 288
165 481
166 312
167 238
168 419
169
170 233 265 415 442
171 245 339
172
173
174 278 320 391
175 221
176 202 230 305 478 489
177 195 203 257
178 461
179 215
180 422 497
181 474
182 213 362
183 194
184 495
185 200 428
186 467
187
188 413
189
190 482
191 301
192
193
194 317
195 271 367 496
196 459
197
198 486
199
200 204 227 354
201 206
202 316
203 207 235 297 308 409 455
204
205
206 248 429
207
208 259 451 476
209 431
210 258 441
211 332 424 434 453
212 226 297
213 483
214
215 377
216
217
218 308 380 414 488
219 263
220 486
221
222 416
223 253 369
224 274 313 326 343
225
226
227
228
229 236
230 382
231 249 255 343 498
232 244
233 266 299 369 484
234 436
235 266 275 451
236 274
237 433
238
239 290
240 384 460
241 273 359
242 468
243
244
245 408
246 304 384
247
248 341
249
250
251 406 424
252 442
253 264 386
254 401
255 342
256
257
258 370
259
260 358
261
262
263 336 469 472
264
265
266 292 311
267
268 337 423
269 344
270
271 318 498
272 397 462
273 390 420
274 282 448
275
276 412
277
278
279
280
281 427
282
283 323
284 497
285
286
287 320
288
289
290 403
291 477
292 378
293 408
294
295 381
296
297 483
298
299
300
301
302 449
303 398
304 376
305
306 316 368
307 401
308
309 426
310
311
312
313
314
315
316
317
318 454
319 393
320 443 481
321
322 411 430
323
324 349 390
325
326
327
328 348
329
330 462
331
332
333 425
334
335
336
337
338 363 475
339
340
341
342
343
344
345 418
346
347 404
348 359
349
350
351
352
353 458
354
355
356 450
357
358
359 368
360
361 472
362 489
363 420
364 365
365
366 463
367 427 445
368 480
369
370
371
372
373
374 440
375
376
377
378
379
380 436
381
382
383
384
385
386
387
388
389
390 458
391
392
393 464
394
395
396
397
398
399 471
400
401
402
403
404 430
405 485
406 488
407
408
409
410
411
412
413
414
415
416 470
417
418
419
420
421
422 475
423
424
425 499
426
427
428 435
429
430
431 447
432
433
434
435
436 469
437
438
439
440
441
442
443
444
445 499
446 491
447
448
449
450
451
452
453
454
455
456
457
458
459
460
461
462
463
464
465
466
467
468
469
470
471
472
473
474
475
476
477
478
479
480
481
482
483
484
485 495
486
487
488
489
490 496
491
492
493
494
495
496
497
498
499
