#C:/Users/timos/Documents/GitHub/simulating-vaccinations/code/network.py
# GMT Sun Dec  2 15:29:34 2018
# 
0 2 79 158 292 357 387 433 464 509 515 578 655 708 807 924 1019 1175 1186 1290 1736 1738 1771 1982 2068 2117 2343 2392 2500
1 2 3 4 5 6 7 11 14 17 18 25 56 65 79 113 120 167 187 238 246 282 294 384 400 516 622 692 694 706 711 715 723 895 930 964 975 1007 1080 1117 1169 1255 1268 1275 1317 1387 1523 1597 1602 1611 1789 1811 1928 1995 2011 2113 2152 2199 2270 2293 2364 2525 2569 2689 2779 2802 2803 2862 2921
2 3 7 9 19 28 55 72 74 84 111 112 147 197 210 219 265 289 334 388 426 439 589 593 622 661 667 692 725 746 785 919 1004 1055 1124 1153 1174 1316 1386 1508 1617 1722 1724 1801 1922 2042 2074 2175 2220 2292 2316 2463 2466 2642 2885 2959 2974
3 4 5 6 8 10 12 19 22 26 27 35 36 40 53 58 83 88 101 150 156 157 158 160 191 223 226 241 251 254 277 282 325 344 367 449 466 491 494 535 553 561 589 602 643 694 720 750 820 858 864 949 950 991 1017 1079 1102 1120 1283 1313 1346 1370 1452 1462 1534 1605 1645 1699 1743 1748 1821 2163 2240 2323 2388 2588 2651 2686 2732 2758 2811 2941
4 16 38 68 140 296 301 305 342 534 570 588 719 734 801 844 854 1030 1173 1196 1304 1583 1762 2006 2032 2036 2607 2626
5 8 9 24 26 27 90 96 151 181 208 212 216 267 285 388 486 499 670 878 989 1084 1212 1269 1725 1804 1825 1834 1914 1952 2071 2126 2571 2795 2871
6 10 11 13 16 30 66 81 89 104 138 164 168 179 203 270 355 360 361 366 368 386 497 502 504 507 522 528 543 567 573 578 585 587 628 689 710 718 733 782 827 828 892 973 1119 1140 1164 1263 1285 1325 1334 1354 1404 1434 1470 1746 1867 1874 1893 2039 2242 2272 2278 2321 2369 2375 2387 2451 2575 2690 2695 2820 2872
7 12 15 18 37 40 44 46 47 75 86 104 109 112 124 141 142 145 205 243 269 279 306 324 329 336 394 398 402 409 415 493 597 657 722 773 851 942 952 992 1011 1042 1089 1099 1132 1188 1327 1376 1501 1547 1722 1785 1796 2026 2100 2136 2141 2296 2360 2483 2514 2625 2649 2687 2794 2812 2885 2908
8 500 1683
9 13 14 23 29 31 42 43 44 45 52 55 70 85 108 137 144 145 152 157 163 181 182 194 227 261 263 273 276 341 346 375 377 382 432 442 478 480 491 511 548 568 569 591 635 637 646 654 675 690 699 782 840 857 895 901 949 974 994 1028 1038 1074 1090 1101 1129 1149 1163 1202 1211 1221 1251 1262 1265 1313 1318 1451 1477 1541 1596 1622 1646 1652 1706 1714 1724 1752 1802 1858 1872 1897 1933 2030 2177 2207 2305 2396 2512 2775 2784 2817 2900 2964
10 50 125 126 131 146 173 175 245 283 303 357 372 376 423 571 627 873 899 1078 1159 1363 1570 1740 1790 1892 1980 2058 2141 2215 2230 2671 2711 2782
11 15 17 62 91 93 99 149 164 180 196 198 202 206 207 214 231 236 252 278 287 290 327 330 332 358 392 399 427 428 501 558 630 653 731 755 777 821 838 862 867 886 894 936 977 998 1001 1031 1062 1108 1219 1246 1281 1293 1355 1392 1424 1460 1470 1571 1676 1730 1817 1862 1902 1926 2054 2106 2137 2174 2185 2186 2214 2226 2283 2302 2349 2377 2442 2464 2489 2521 2546 2607 2745 2848 2849 2901 2992
12 24 39 41 45 52 57 58 59 64 68 83 92 94 135 144 170 178 189 202 223 318 378 413 414 417 434 454 461 510 513 542 626 631 632 666 684 688 700 741 781 1001 1008 1052 1082 1095 1106 1196 1197 1224 1305 1323 1325 1331 1351 1461 1486 1572 1637 1654 1660 1664 1806 1828 1835 1845 1879 1963 1974 1993 2076 2143 2145 2169 2218 2237 2256 2368 2372 2495 2502 2528 2598 2635 2654 2828 2893 2962
13 25 32 34 35 46 140 150 167 179 199 204 242 255 280 291 312 331 341 360 367 400 419 528 565 600 626 658 691 737 750 787 811 894 900 907 911 940 993 1092 1242 1387 1553 1675 1678 1714 1765 1886 1967 2084 2431 2436 2438 2478 2764 2874 2978
14 21 90 107 115 129 207 349 638 688 1165 1343 1422 1493 2388 2441 2611 2727 2978
15 20 21 31 63 86 103 114 122 131 171 256 361 376 476 477 498 508 512 590 612 633 777 819 851 863 1115 1513 1709 2025 2132 2286 2299 2339 2452 2661
16 77 538 671 717 1020 1118 1199 2596 2652 2731 2863
17 20 76 89 136 143 190 273 315 351 392 572 760 884 896 1225 1244 1259 1269 1289 1321 1384 1399 1558 1582 1595 1746 1881 1988 2350 2429 2467 2494 2563 2860
18 22 29 37 38 50 57 64 81 100 101 116 130 133 151 166 237 274 308 409 422 424 437 455 473 480 515 554 561 584 662 813 868 963 1004 1137 1154 1162 1195 1197 1220 1314 1373 1428 1464 1469 1569 1696 1735 1836 1840 2155 2179 2189 2271 2290 2303 2310 2373 2396 2693 2746 2762 2854 2875 2911 2963 2973
19 28 61 100 109 206 233 258 292 354 381 394 407 502 559 610 685 691 775 786 796 820 839 906 951 992 1070 1136 1230 1278 1398 1563 1674 1727 1785 1834 1837 1878 2175 2344 2501 2659 2677 2681 2865 2982
20 34 42 66 105 106 373 426 447 474 485 492 514 548 729 1077 1283 1334 1450 1519 1559 1800
21 33 48 49 80 82 117 118 119 123 133 147 172 218 447 523 599 660 662 797 869 922 1036 1091 1139 1228 1235 1380 1576 1670 1858 1934 1987 2044 2056 2095 2113 2127 2321 2585 2735 2743 2838 2894
22 23 60 180 248 275 276 309 323 326 613 1138 1299 1405 1909 2046 2194 2518 2569 2683
23 142 237 396 521 555 625 996 1936 2850
24 71 212 220 221 1110 1267 2158 2469 2811
25 54 187 263 286 844 846 997 1327 1394 2008
26 160 233 689 972 1200 1627 1967 2105 2277 2509 2761
27 30 62 365 450 720 1184 1896 2188 2196 2506 2664 2667
28 43 48 74 127 291 348 359 415 420 431 545 601 624 639 664 778 864 905 1020 1062 1230 1354 1437 1519 1579 1820 1880 1931 1993 2114 2283 2287 2296 2519 2638 2812 2816 2821
29 36 51 87 219 284 305 370 393 625 697 784 849 1027 1071 1125 1281 1368 1670 1932 2386 2485 2534 2656 2799
30 32 33 39 70 73 78 97 98 165 169 201 310 350 362 410 442 630 695 714 748 771 1003 1056 1166 1171 1463 1760 1948 1989 2147 2159 2548 2848
31 705 2266
32 72 77 103 138 232 410 454 656 669 708 738 976 1034 1145 1186 1245 1250 1264 1292 1467 1606 1619 1877 2120 2400 2600
33 41 177 242 903 1252 1494 1726 1937 2151 2461 2936
34 122 168 225 267 375 1233 2483
35 67 73 111 153 271 484 704 783 922 1360 1656 2070 2379
36 47 75 438 1209 1336 1452 2148
37 116 193 216 343 389 404 448 463 470 518 707 803 816 838 845 935 969 985 1048 1258 1264 1305 1311 1482 1527 1593 1816 1945 2031 2542 2686 2760
38 51 154 182 190 229 289 405 416 520 553 556 559 597 724 957 983 1135 1145 1188 1299 1414 1431 1489 1698 2055 2304 2651 2794
39 95 197 217 229 450 486 938 1236 1805 1972
40 82 333 508 707 776 861 913 1254 1835 2497 2520 2784
41 314 939 2260 2611
42 88 260 994 2171 2402
43 49 214 288 311 510 896 926 976 1262 2034
44 1756
45 59 78 114 146 159 178 297 299 379 390 403 444 584 673 683 711 721 863 966 981 1040 1206 1240 1256 1505 1522 1939 2001 2059 2204 2282 2435 2637 2849 2924
46 97 217 470
47 94 210 475 815 1052 1644
48 69 285 393
49 165 345 364 699 728 852 972 1110
50 60 127 492 623 670 1050 1164 1175 1378 1498 1604
51 53 54 56 61 63 71 107 121 156 166 184 222 245 266 384 397 562 639 663 759 847 860 1565 1566 1826 1942 1954 2176 2177 2780
52 155 266 322 453 709 1006 1505 2016 2221 2550 2972
53 135 496 499 503 538 581 837 856 1021 1040 1158 1233 2261 2325 2881 2932
54
55 87 93 134 174 211 244 250 278 296 303 434 509 544 634 768 810 886 905 1009 1025 1336 1438 1440 1449 1497 1506 1605 1780 1933 2313 2443 2807
56 517 745 1149 1814 2013 2709
57 80 139 159 192 258 348 460 608 809 1076 1101 1103 1124 1125 1406 1407 1653 1720 1787 2037 2309 2672 2789 2791 2816 2985
58 65 125 290 307 590 599 765 1198 1300 1482 1818 1946 2081 2112 2327 2402 2932
59 85 171 188 309 347 556 921 1014 1395 2114 2182
60 67 76 235 417 1502 1778 1830 1938 2891
61 126 218 425 604 615 624 726 1385 1560 1649 1726 1824 2172 2414 2670 2923
62 1324 1444 2763
63 391 1682 2183
64 123 172 196 412 716 717 1579 1669 1949 2523
65 124 183 313 395 401 451 588 604 730 780 789 793 829 879 953 980 1122 1166 1446 1865 1935 2040 2130 2331 2389 2718 2948
66 155 325 381 822 929 1480 1986 2298 2573 2577
67 69 98 99 129 137 162 228 235 298 372 522 552 583 619 871 904 939 1161 1177 1572 1839 1951 2065 2111 2184 2329
68 84 614 1861
69 148 234 281 645 874 974 2844
70 143 221 321 383 531 795 1005 1710 2806 2872
71 91 105 319 774 979 1024 1500 2682 2741
72 300 1053 1250 1700 2491 2559
73 92 352 687 2131 2172 2604
74 102 429 487 1033 1434 1915 2098 2341 2502
75 95 244 319 378 506 564 574 634 926 1151 1332 1836 2366 2868
76 253 1560 2079 2821
77 321 1377 2765
78 136 519 541 576 598 963 1668 1741
79 185 201 240 365 418 629 651 713 745 1204 1232 1514 1710 1920 2647
80 132 215 255 446 916 1319 1515 1898
81 204 251 653 701 1408 1854 1931 1968 2273
82
83 117 199 224 234 257 283 330 334 354 511 751 755 804 1064 1109 1180 1345 1346 1597 1692 1775 1892 2093 2343 2475 2640 2696 2748 2756 2900 2968
84 270 572
85 224 227 374 915 969 1713 1811 2195
86 339 363 407 525 695 933 1147 1239 1341 1444 1864 2485 2653 2961
87 128 161 200 208 534 883 1050 1339 1402 1855 2247 2557 2579 2944
88 118 213 329 1093 1178 1324 2200 2216 2795
89 139 195 362 809 2608 2879
90 110 260 301 332 403 523 642 665 700 924 977 1054 1542 1679 1786 1817 1831 1948 1966 2580 2636 2846
91 96 759 920
92 673 726 1155 1695 2459 2977
93 317 465 530 610 685 1308
94 108 467 2192 2525
95 316 433 521 674 684 840 1127 1689 2306
96
97 527 544 713 1350 1499 1958
98 161 247 611 1179 2490 2633
99 115 132 335 489 690 788 792 1267 1647 1913 2281 2295
100 113 141 153 193 369 549 680 1207 2017 2043
101 102 106 120 281 389 583 609 833 1208 1442 1856 1863 1946 2255
102 121 186 337 449 830 1298 1415 1458 1671 2007
103 608 1372
104 395 2882
105 110 302 1131 2387
106 163 169 322 2572
107 200 231 385 445 855 1274 1694 1832 1959 2862
108
109 536 643 749 765 1189 1509 1537 1632 1636 2351
110 353 702 784 920 1829 1849 2394 2999
111 370 377 479 557 703 1126 1148 1329 1494 1648 1667 2202 2456 2664 2826
112 119 170 195 205 500 551 603 832 961 1244 1522 1703 1803 1969 2102 2162 2189 2219 2262 2330 2374 2410 2591 2723 2912 2945 2955
113 580 677 808 811 1224 1286 1571 1589
114 134 162 173 176 189 339 709 744 993 1011 1118 1426 1569 1839 2084 2348 2426 2499 2503
115 261 371 649 798 1091 1113 1266 1293 1454 1731 1890 1910 2158 2557 2786 2967
116 262 343 387 1104 1347 1381 1624 1701 1844 2246 2251 2364 2390 2446 2691 2883 2954
117 215 1071 1338 2983
118 1412 2752 2979
119 128 284 288 316 349 369 414 539 953 1445 1484 1758 2333 2469
120 230 1300 1544 1575 1875 1883 2883
121 198 222 274 423 435 441 892 1921 2134 2200 2220 2743
122 209 810 1652 2665
123 254 518 524 535 592 965 1252 2153 2324 2535 2779
124 130 446 607 913 943 2842
125 203 2365
126 735 2187
127 293 526 874 2195
128 1653 1678 2089
129 1657 2148 2778 2890
130 408 1246 1255 1466 1626 1786 2676
131 421 767 1730
132 307 498 991 1161 1573 1643 2995
133 2225
134 183 188 220 232 368 536 1142 1361 1397 1536 1601 1689 1719 1729 1795 2092 2780
135 154 240 488 669 2082 2086 2278
136 453 1122 1140 1438 1687 2668 2753
137 186 236 342 525 774 847 1142 2951
138 331 917 928 1433 1585 1723 2691 2785
139 268 318 514 667 738 752 948 1455 1659 1768 1979 2270 2448 2668
140 148 299 396 507 796 812 852 1006 1066 1104 1139 1158 1353 1498 2057 2185
141 248 401 482 617 1081 1418 2623 2840
142 310 358 618 732
143 2342
144 2996
145 152 353 383 411 490 520 1825
146 742 1906
147 149 191 374 424 468 605 631 686 954 965 1851 1947 2161 2544 2768
148 501 1077 1344 1706 2228
149 912 2154
150 326 390 748 1016
151 176 1210 1356
152
153 228 264 612 1051 1680 2018
154 2766
155 211 269 462 557 566 906 1107 1245 1276 1476 1521 1651 1992 2930
156 806 1294 2757
157 177 323 546 999 1547 2042 2118 2984
158 252 287 355 464 490 497 567 696 712 841 1247 1491 1873 1996 2058 2250 2478 2533
159 445 908 1517 2002 2650
160 312
161 467
162 618 877 1053 1427 1925 2603
163 1889
164 957 1922 2361
165
166 1962 2906
167 293 541 656 826 1530 1765
168 346 888
169 505 633 822 1177 1767 1867 2115 2619 2635
170 174 175 243 304 356 473 1478 1996 2005
171 1219 1429
172 440 652 743 1413 1957 2631
173 239 386 482 650 952 1393 2861
174 185 209 899 1015 1018 1119 1178
175 327 831 2353 2431
176 794 1328 1875
177 1288 1385 1956 2854
178 253 566 979 2716
179 192 246 564 1141 1507 1728 1913
180 596 620 725 754 1081 1415 2719 2819
181 603 652 1690
182 226 259 412 558 574 855 1133 1764 2227 2347 2465 2958
183 184 257 807 1592 1782 1788 1873 1940 2023
184 758 911 1182 1265 1551 2295 2336
185 609 1580 1975 2500
186 317 373 1098 1261 2565
187 268 456 908 1633 2262 2785
188 1432 1614 2980
189 338 835 1019 1057 1072 1143 1331 1416 1468 1562 1715
190 194 313 602 722 887 978 1022 1044 1089 1401 1800 1884 2566 2657
191 247 262 338 352 421 438 1447 1567 1581 1695 2229 2239 2314 2335 2347 2401 2927
192 740 934 1079 1248 1380 2060 2426
193 2628
194 314 1209 1248 1732 2329
195 265 272 605 1535 1801 2417
196 230 431 570 586 904 1015 1743
197 2344
198 300 881 1959 1981 2080 2236 2342 2531 2746
199 213 277 302 306 335 475 617 756 1533 2254
200 718 815 823 832 1309 1525
201 443 458 1009 1400 1935 1942 2016 2299
202 440 517 547 1249 1692 2014 2285 2340 2379
203 1758 2903 2989
204 687 1916
205 651 1335 1742 1776 2455 2633 2836
206 272 364 416 569 902 1291 1480 1783 2012 2092 2223 2389 2713
207 225 1198 2429
208 238 345 406 715 764 1156 2282 2522
209 577 1872 2627
210 1002
211 241 294 304 460 462 519
212 1160 2770
213 275 537 761 1206 1292 1512 1592 1603 1757 2303
214 2526
215 298 529 776 1562 2040 2855
216 239 320 443 1085 1703 1987 2050 2678 2732
217 264 356 846 2773
218 328 350 593 601 680 898 995 1225 1472 2508 2918
219 1441
220 398 1030 1074 1121 1399 1492 1517 1540 1640 2010 2919 2983
221 249 271 286 406 472 752 756 812 1205 1479 2054 2153 2376 2415 2820 2953
222 250 1337 1618 2064 2672
223 280 427 1488 2439 2482 2486
224 432 568 580 591 824 1026 2020 2861
225 2119
226 468 762 788 1194 1897 2268 2424 2548 2669
227 2490
228
229 1213 1879 2566
230 581 678 1228
231 891 1134 1896 2621 2908
232 259 324 340 771 787 1207 1930 2463
233 295 463
234 1060 1201 1940
235 297 308 371 481 616 872 929 987 1190 1344 1557 1659 1683 2166 2168 2301 2346 2531 2744
236 988 1240 2370
237 496 503 946
238 249 408 681 1170 1208
239 328 721 853 1159 1260 1833 2226 2418
240 1087 2246 2264
241 736 1204 2014 2102 2184 2198 2251 2316 2675
242 587 2013
243 489 592 808
244 452 543 640 865 1876
245 611 1950 2121 2674
246 279 621 914 2235 2281 2308 2718 2928
247
248 2324
249 422 2340
250 391 425 1511 2460
251
252 366 1176
253 655
254 256 555 582 1221 1384 2077
255 333 731 1270 1396 1466 1495 1917 2156 2781
256 295 347 402 550 805 1322 1504 1535 1665 1727 1744 1846 1932 2906
257 2355
258 455 2536
259 1520
260 479 586 825 2213 2449 2748 2859
261 595 1797 2146
262 682 903 1951
263
264 337 679 1037 1518 2302
265 1278
266 1718 1830
267 712 728 968 2865
268 452 2519
269 746 831 2739
270 405
271 693 1047 1878 2233
272 1310 1374 2116 2198 2599
273
274 476 2328 2870
275 871 1306
276 950 1215
277
278 529 606 1005
279 1029 1332
280 315 495 1121 1151 1759 2190
281 1487 1532 1906 2358
282 359 379 397 549 872 1042 1107 1190 1213 1421 1752 1984 2197 2224 2521
283 344 531 735 2766
284 311 363 546 560 636 671 676 740 1063 1109 1180 1617 1662 1949 2274 2513
285 540 783 813 1582
286
287 818 842 1222 2394
288 504 1065 1141 2776 2977
289 524 530 763 870 1185 1635 1673 1769 2002 2397 2957
290 753 1938 2601
291
292 2213 2797
293 435 897 2222 2256 2317 2444
294 1374
295 1072
296 1287
297 399 658 848 983 1361
298
299 458 762 1642 1732 1846 1936 2072
300 552 824 850 1538 2067
301 532 594 1402
302 340 790 935 1465
303 1046 2618
304 1553 1866 2617
305 542 884 1070 1684 2971
306 320
307
308
309 382 512 760 800 836 1049 1111 1599 1629 1741 1781 1997 2243 2280 2593
310 418 481 797 878 995 1847 2890
311 948 1039 2120 2287
312 1129 1296 1539 1971
313 2475
314 385 526 848 856 1453 1483 1616 1708 2241
315 483 1150
316 723 882 1097 1112
317 767 1051 1222 1328 1549 1927
318 962 990
319 627 744 843 2792 2925
320 441
321 966 2130
322 649 1229 1416 1822
323 628 676 1485 1696 1711 2035 2263
324 1673 2078 2143
325
326 854 1114 1366 2632 2864
327 739 1049 2005 2564 2750
328 336 1379 1445 1598 1876 2051 2279 2511 2717
329 1024 1163 2408
330
331 506 2317
332 1985 2507 2928
333 469 579 734 1607 2626
334 779 2926
335 380 411 802 805 964 1236 1681 1841
336 891 1347 2804
337 648 666 1185 1216 1556 1895 1961 2248 2292 2403 2413
338 945 1035 1339 1455 2800
339 404 2467 2793
340 351 457 879 1649 1819 1903 2209 2444 2461 2755 2813
341 488 850 1184 1430 1602 1619 1723 2652 2693
342 457 786
343 487 901 1067 2294 2337 2573 2658
344 428 925 1341 1500
345
346 380 436 793 1218 2164 2889
347 419 705 2313 2383 2561
348 429 516 1038 1744 2356 2462 2605 2692 2764 2946
349 459 2096 2931
350
351 682 742 804 1014 1298 1318 1435 1581 1770 2015 2549
352 1083 2742 2949
353 1273
354
355
356 2208
357 466 485 573 986 998 1191 1367 1627 1941 2071 2738
358 1586
359 533 1059 2587
360
361 585 594 674 736 893 1520 1870 1904 2357
362 1277 1745 2492 2923
363 675 1356 2946 2989
364 659 710 2713
365 2756
366 430 647 877 970 1036 1045 1980 2470
367
368 1068
369 970 1962 2088
370 539 613
371 947 2053 2080 2584
372 1969
373
374
375 545 547 654 1069 1707 2234
376
377 2107 2936
378 733 931 1271 1282 2641
379 1286
380
381 437 575 621 644 790 1088 1337 1516 2057 2453 2532
382
383 2372 2788
384 494 554 1223 1709
385
386 456 703 766 2837
387
388
389 606 701 1728 1753 2121 2209 2870
390 791
391 420 739 764 1012 1105 1152 1359 1472 1548 2284 2516 2909
392 757 1721
393 859 1791 1847
394 1861
395 484 907 967 1047 1057 2045 2503
396 563 768 1927 2798
397 532 770 1329 1383 1564 1937 2345
398 1362 1441 1687 1700 1837 2019 2911
399 474 1326
400 753 1530
401 956 1388 1595 1625 1676
402 413 483 635 1716 1769 1770 1797 1893 2498 2855
403 465 493 727 1288 1427 2273 2411
404 1410 1440 2637
405 1136
406 1409 2406 2899
407 451 799 2392
408 997 1128 2009 2138 2570
409 853 1116 1202 1459 1607
410 430 436 697 1217 1280 1307 1616 2167 2245 2326 2449
411 461 962 1371 1798 2710
412 439 2210
413 677 785 932 1084
414 823 1144 1891
415 1456 1712
416 596
417 477 650 698 866 1056 1355 1451 1561 1600 2412 2427
418
419 944 1117 1664
420 648 2675
421
422 469 661 1424 1793 1845 1973 2229 2488 2570 2630 2864 2930 2969
423 681 841 2033
424
425
426
427 876 984 1541 1671 2556
428
429
430 1528
431 576
432 862 1486 1688 2291
433 495 1360 1544 2309 2585
434 2724
435 665 1290
436 2128
437 444 663 1090
438 1809
439 2880
440 595 1165 1483 1782 1907 2149 2479 2699
441
442 513 821 1720 1779 2103
443 579 641 826 1557 2738
444 448 698 1333 1564 1657 2471
445 471 1260 1711 2205 2207
446 1312 1608
447 472 2616 2950
448 686 2421
449 743 1055 1976 1982
450
451 817 1102 1201 1512 1686 1956 2253 2405 2437 2439
452 582 2169
453 527 1044 2623
454 1032
455 459 537 1978
456 471 959 1237 1705
457 1403 2553
458 571 668 800 1017 1018 1099 1539 1702 2086 2391
459 842 1218 1536
460 668 716 982 1257 1340 1679 2871
461 1628
462 2091 2133
463 607 999 1026 1439 1762 2640
464 637
465 1092 1773 2197 2577
466 1046 2646 2934
467
468 478 702
469
470 2205
471 2505
472 1757
473 672 769 1130 1655
474 2610
475
476 1123 1241
477 967 1131 1643 2124 2155 2878
478 2875
479 1231
480 1086 1365 2026 2159
481 1073 1317 2023 2985
482 577 616 660 761 975
483 664 968 1134 1979 2253 2709 2873
484
485 683 1888 2066
486
487 1271 1529 1531 1623 1650 2445 2894
488 971
489 533 550 1238 1297 2037
490 1417
491 1405 1412 2410 2441
492 1496 1698 2138
493 505 1815 2524
494 551 620 1076 2142 2311
495 632 636 1954
496 869
497 714 932 1239 1473 1631 1857 2178 2540
498 747 834 1268 2064
499 679 902 919 1282 1352
500 757 1094 1575
501 640 882 2330 2669 2808
502 645 916 918 937 961 1613 1672 1734 2363 2447 2737 2879
503 560 883 887 1994
504 2115
505 741
506 978 2600 2774
507 1037 1994
508 647 1095
509 889 1370 2068
510
511 875 1338 1396 1475
512 2081 2377
513 1736
514
515 1086 1251
516 1504 2331
517 704 942
518 1032
519 880 1565 2722
520 1168 1203
521 1546 2371 2473
522 1668 2265 2447
523 1301
524 562 575 2193
525 1112 1273 1857 2935
526 1048 2019
527 2486
528 638 986 1023 1135 1669 1851 1912
529 2354
530 2012
531 781 1667
532
533 1058 2729
534 1153 1261 1503 1604 1658 1831 1943 2587 2831
535 885 2008 2236 2276 2844
536 843 2103 2595
537 860 1919 2004 2373
538 540 770 814 1217 1943 1972 2620 2942
539 737 1100 2030 2567 2984
540 619 641 727 936 1235 1390 1704 1827 1871 2208 2255 2529
541 2180
542 1194
543 2150
544 1029 1506 1775
545 1270
546 780
547 1471 1546
548 614 984 1138 1330 2567
549 2009
550 565 940 1065 2140 2311 2705 2733
551
552 751 1295 1528 1642 2032
553 802 885
554 2119
555 563 1842
556
557 1631 2327 2476 2582 2702
558 1977
559 1552
560
561
562
563 1458 1864 1885 2048
564 1000 1321 1628 2378 2399 2853
565 775 791 865
566
567 1073 1279 1550 1887 2586 2806
568
569 958 1882 2409
570 1082
571
572 1870 2726
573 1243 1287 1448 2716
574 817 921 971 2375
575 1031 2051 2981
576 2472
577
578 629 1103 1123 2332 2729
579 598
580 1114 1603 2919
581 644 1389 1508
582 789 2174 2943
583 806 1350 2307 2707 2841 2851
584 985 1632 1707 2062 2778
585
586 930 955 981 1359 2655
587
588 2165
589 1783 2655
590 795 2202
591 1478 2895
592
593 659 749 845 912 1280 1312 2090 2380 2406 2537 2603
594 880 2334
595 615 909 2129 2135
596 960
597 600 724 1085 1558 1848 2606 2959
598 1045 1394 1908
599
600
601 1590
602 2272
603
604
605 623 730 828 868 1028 1083 1195 1411 1716 1977 2238
606 1854 2300
607 693 1518 2356 2445 2547 2724
608
609 1315 1499 1591 1955 2110 2484
610 706 990 1220 1352 1900 2228 2365 2695
611 2288 2399 2648
612 1463 1615 1838
613 938 1182 1794 2515
614 1543
615 642 819 1551 2530 2799
616 2578
617
618 779 1003 1021 1192 1677 1907 2001 2056 2736 2767 2774 2910
619 1097 1725 2826 2832
620 801 1422
621 1034
622 799 1357 1513 1963 2546
623 1524
624
625
626 836 1007 1833 2411 2843
627 954 1143 1435
628 773 778 890 1537 1630 1884
629 910 2318 2903 2925 2999
630 1012 1193 1489 1660
631 678 763 834 866 1096 1960 2940
632
633 2765
634 2589
635 1231 1241
636 835 1401 1750 1921 2845 2941
637 794
638 814 1543 1610 1634 1691 2562
639 827 873 1257 1285 1418 2801
640 646 1357 2593
641 934 1358 2492
642 772 1002 1080 2105
643 1064 1274 1613 1630 1763
644 2237 2458
645 792 2777
646 958 2150 2684 2723
647
648
649 657 945 1171 1685 2771
650
651
652 1059
653 1981
654
655
656 830 2853 2993
657 1229 1578 1717 1755 1862 2289 2907
658 1294 2235
659 672 881 1465 2241
660 915 2182
661
662 875 1431 1880 2193 2279
663 1622 1750 2139
664 1067 1477
665 1075
666
667 927 1041 1333 1479 1844 2526
668 2666
669 2581
670 910 1414 1953 2918
671 1168 1986 2773
672
673 1789 2201
674 1157
675 816 959
676 766 1315 1516 2892
677
678 898 1745
679 758 1990 2974
680
681
682 1773
683 1126 1737
684 1314 1367
685 719 2401 2891
686 696 732 829 1417 1923 2551
687 1302
688 2810 2814
689 1998
690 927 1766 1941 2025 2036 2300
691 2265 2337
692 803 931 955 1473 1738 2987
693 818 941 946 1128 1784 2382
694 1554 2398 2789 2834 2842
695 1069
696
697 1618 2491
698 914 1526
699 1061 1063 1075 1538 2416 2510 2609
700 1555 2913
701 1058 1322 1894 2678
702
703 798 1885 2288 2915
704
705 1087 1172 1351 1625 2687
706 1010 1542 1815
707 769 925 1147 1577 2517 2594
708
709
710
711
712 1342
713
714
715
716 1146 1609
717
718 729 1174 1372 2063 2393 2551
719 754 772 1534 1754 2370
720 870 2550
721 2351 2409
722 917
723 1606
724
725 1454 2244
726 1899
727 1442 1739 2099 2129
728
729 1291
730 1766
731 876 1302 2576 2599
732 1420 1436 2783
733 1850 2536 2680
734 1437 1697 2028 2761
735 988 2027 2534
736 825 1481 2700
737 960 1362
738 1772
739
740 747 1068 2362
741
742 1798 2173 2907
743 1033 1364 2170
744
745
746 1447
747
748 1256 1446
749 867 1192 1788 2357
750 837
751 2912
752 2171
753 1120
754 1378 2558
755
756 1975
757 2956
758 1105 1183 1531 2212 2481 2759 2869
759 893 2060
760
761
762 1474 2367
763 858 889 2589
764 2721
765 956 1574 2010 2322
766 1459 2782
767 1843 2029 2315
768
769 2093 2304
770 2022 2078
771 1345
772 2813
773 1662 2371
774 839 1411 2368
775 1859 2404
776
777
778 1066 1113 1279 1697
779 1623
780 1013 1330 1852
781 2481
782 982
783
784 973 1173 1191 1205 1656 1934 2386 2456 2689
785
786
787
788
789 1148 1156
790 2152
791 1212
792 1043 1620
793 2319 2954
794 861 1127 1193
795 996 1984 2505
796 1098 1154 1901
797 833 1467 2053
798
799
800 859 2450
801 900 2758
802
803 1471
804
805 2089
806
807
808
809 1428 1781 1915
810 2448 2788
811 923 1199 1460 2660
812
813 890 941 2539
814 857 947 1916 2126
815 1923 2674 2815
816 1925 2187
817
818 2440 2554
819
820 1819
821 989 1133 2650
822
823
824 2884
825 1162
826
827 1429 1928
828 1266
829
830 1132 1526 1693
831 1303 1524 2751
832 2276
833 1183 1491 1599
834 1510 1609
835 1391 1555 2199 2459 2542 2628 2975
836
837 1214 1238
838 1096 1425
839 2161 2613
840 1419
841 2168
842
843
844
845 849 918 2644 2722 2893
846 923 1013 1060 1276 1353 1721 1924 2116 2145 2339 2757
847
848 1589 1600
849 1254 2122
850 1713
851 1227 2066
852
853
854 1545 1640
855 1160 1760
856 1041 1392 2033
857 1320 2533
858 1488
859 1918
860 1115 1780 2381 2614
861 928
862 2320
863 1187 1310
864 933
865 2614
866 2943
867 1584 2597
868
869 1889 1999 2252 2825
870 1010
871
872 2362 2560 2657
873 1759
874
875
876
877 1258 1549 1731 2685
878
879 2538
880 2049
881
882 1200
883
884
885 897 1272 1306 2518 2545
886 888 1342 2179 2616 2886
887
888 1243
889 1035 1167 1343 2233 2609
890 1247 2258
891 1666 2532
892 1481 1545 1965
893 944 1169 1369 2790
894 1638
895
896 1316 1953
897 937
898 1501
899 1000 1594 1651 2257 2425 2436 2973
900 1157 1187 1335 1407 1456 2022 2259 2896
901 1871 2203
902 2238 2405 2622
903
904 909 1108 1214 1646 2904 2962
905 1054
906 2062
907 987 2815
908 1061 1375 1807 2334 2416
909 1088 2424
910 2266 2951
911 1242
912
913 1779
914 1968 2555
915 951 1253 2881
916 1144
917 1748 2000
918
919 2034
920
921 1146
922
923 1397 2684
924 1303 1493 1496 1566
925 1296
926 1903 1966 2045 2558
927 2552
928 943 2501 2938
929 1764
930 1039
931 1450 1591
932 2528
933 1398
934 1827
935 2496 2712
936
937 1583 2217
938 1443 1756
939 980 1379 2250 2378
940
941
942 1043 1275 2663
943
944 2267
945
946
947
948 2920
949 1022 2889
950 1375
951 1453
952
953
954 1639 1810 1997 2298
955 2975
956 2419 2641
957
958 1078 2630
959 1181 1358
960 2004 2203 2507
961
962 1170 1647 2111 2163
963
964
965 1093 1912 2638 2835
966
967
968 1008 1840
969 1106 2594 2634 2970
970 1308
971 2477
972 1382
973
974 1843 1855 1978 2290 2586
975
976 1016 1525
977
978 1100 1150 1705 2018
979
980 1409 1624 1808 2338 2520
981 1802
982 1025 1658 1891 2831
983 1527 2952
984
985
986
987 1521 2661
988 2017
989 1289
990 1116
991 2493
992 1307
993 1234 2393 2822
994
995 1672 2191 2982
996 1509
997 1559
998 1690 1699 1920 2191
999
1000 2341
1001
1002 2538
1003 2384 2632 2644
1004 1430
1005 1137 1594
1006 1259
1007
1008
1009
1010 1253
1011
1012 1369
1013 1023 1433 2428
1014 1179 2319
1015
1016
1017
1018 1901
1019
1020 1914
1021 2540
1022 1094 2039 2274
1023 1027 1574 1620 2895
1024
1025
1026
1027 1810 1947 2154
1028
1029
1030 1368 2470 2760
1031 1909 2249
1032 2561
1033 1548 1588 1813
1034 1626 2098
1035 1693
1036 1152 1390
1037 1944
1038 1237 1326 1654 1852
1039 2211 2704
1040 1777
1041 1297
1042
1043 2886
1044 1349 2123
1045
1046 1216
1047
1048
1049
1050
1051 1883 2454
1052 1747 1793 2929
1053 2508
1054 1601
1055 1596 2419
1056 1277 1497 2083 2961
1057 1189
1058
1059 1718 2254
1060 1232 1567 1850 2160 2366
1061 1449 2537
1062
1063 1423
1064 2074 2673 2860
1065 1111 1820 2645
1066
1067
1068
1069 2598
1070 2422
1071 2167
1072
1073
1074 1774 1822 1899 2024
1075
1076
1077 2204
1078 2688 2863
1079 1568 1881 2850 2952
1080 2142 2418
1081 1211 1614 2286
1082 1348 1961
1083 1130 1249 1284 1426 1588 1665 1792 1860 2312 2400 2460 2818 2877
1084 1432 2162
1085
1086
1087 1263 1413 2898
1088
1089 2888
1090
1091 1563 2087 2522
1092
1093
1094 2645
1095
1096
1097 2613
1098 1340 1869
1099 2055 2915
1100
1101 1223 1439 2210 2792
1102 1511 1663 2986
1103 2261
1104 1181 1621 2493
1105
1106 2211
1107 1487
1108
1109 1461 1768 2085
1110
1111 1860
1112
1113
1114 1403 2683
1115
1116
1117 1895
1118
1119 1349 1645 2230
1120 1226
1121
1122 1991
1123
1124 2318 2382
1125
1126
1127 1877
1128 1215 2612
1129 1740 2882
1130
1131 2625
1132 1155 1348 1495 2837
1133 1388 1611 2063 2239 2802
1134 2553
1135 2796
1136
1137 2608
1138 1686 1733
1139
1140 1425 2106
1141
1142 1176
1143
1144 1902
1145
1146
1147 2090 2539
1148 2576
1149 1615
1150 1856
1151 1167 2754
1152
1153 2560
1154 1172 1284 2027 2096 2851
1155
1156 2059
1157 1749 2110 2325
1158 2156
1159 2087
1160 2451
1161 2144 2873
1162 1210 1227 2706 2810
1163 2135 2905
1164 1309 1507 1510 2563 2572 2926
1165 2933
1166 1848 2104
1167 1304 1886 2314
1168
1169
1170
1171
1172 1554
1173 2643
1174
1175 2591
1176 1684 2588
1177
1178
1179
1180
1181 1371 1383 1965
1182
1183 1813 2679
1184
1185 1226 1234 1469
1186
1187 2350
1188 1950
1189 1203
1190
1191 1468 1514 2363
1192 1763 2787
1193 1272 2901
1194
1195
1196
1197 1808
1198
1199 2432 2944
1200 1320 1484 1918
1201
1202 1366
1203 1406
1204 1475 1681 2428
1205
1206 1648
1207
1208
1209
1210
1211 1777
1212 1295 2180
1213
1214
1215 1395
1216 1737
1217 2986
1218 1795
1219 2046
1220
1221 2787
1222
1223 1443 2157 2322 2694 2706
1224 2006
1225 2043 2275
1226 2740
1227
1228
1229 2359
1230
1231
1232
1233
1234 1761
1235 1784 2085
1236 2326
1237 1804
1238 1391 1633
1239 1436 1991 2914
1240
1241
1242 2888
1243 1841 2615
1244 1301
1245
1246 1457
1247 1421 2285
1248
1249 2847
1250 1890
1251 2636
1252 1319 1944
1253 1502 1540
1254 1809
1255 2070
1256
1257 2097 2385 2744
1258 1457 1799 2937
1259
1260
1261 1423
1262
1263
1264 2639
1265 2979
1266 1400 1894 2166
1267 1578
1268
1269 1970
1270
1271 2747
1272 1755
1273
1274
1275 1821
1276
1277
1278 1904
1279 1712 2118
1280 1386 2052 2568
1281 2487
1282 1382
1283 1739 1751 2076
1284
1285
1286
1287 1717 1774
1288 1735 1754 1882 2793
1289 1474 1584
1290 1945 1964
1291 1917
1292
1293 2527
1294 1561 1598 2335
1295
1296 1515 1771 2136 2753
1297
1298
1299
1300 1311
1301 2231
1302
1303 1792
1304 2839
1305
1306
1307 1823
1308
1309
1310
1311 1490 2487
1312
1313 1408
1314 2805
1315 1323 1742 2007 2741 2750
1316 2157 2541
1317
1318 1960 2044 2998
1319
1320 1790 2615
1321
1322 2619
1323 1753 1849
1324
1325 1955
1326 1376 2477
1327
1328 2840
1329
1330
1331 1364 1373 1393 1639 1905 2188 2257
1332 1476 2541 2580
1333
1334 1629 1866 2465 2707 2867
1335 1729
1336
1337 1573
1338 1532 2021 2963
1339 1910 2094
1340 1363
1341
1342 1389 2421
1343
1344 2244
1345 2176
1346
1347 2315 2383
1348 1365
1349
1350 2284
1351
1352 1587 2206 2275 2359 2452
1353 1377 1410 1492 1533 1641
1354 1772
1355 1635 1887 2073
1356
1357 2224 2583
1358 1719
1359
1360 1464 1794 1929 2417
1361
1362
1363
1364
1365 1419 1674 2234 2455 2869
1366 1523 1552
1367 2435
1368 1964 2833
1369 2830
1370
1371
1372
1373
1374 1708 1749
1375
1376 1381 2423
1377
1378 1663 2450
1379 2604
1380 1462 1529 2499
1381 1585 1608
1382 1570 2634 2921
1383 1621 1812 2404
1384 1490 2924
1385 1812 1859 2736 2740 2859 2940 2948 2956
1386
1387
1388
1389 1568
1390 2425 2836
1391 1404 1485 1580
1392
1393 2144
1394 2095 2955
1395 2196
1396
1397
1398
1399
1400 1761 1805 2712
1401 2047 2381
1402
1403 1420
1404 1842
1405 1751
1406
1407
1408
1409
1410
1411 2554
1412
1413 2775
1414
1415 1868
1416
1417 1448 2108
1418 1814 2052 2725
1419
1420 2041 2527
1421
1422
1423 1610 2277
1424 1661 1776 1853 2704
1425
1426
1427
1428
1429 2823 2966 2971
1430
1431 1612
1432 2433
1433 1576 1593
1434
1435
1436
1437
1438
1439 1587 2225 2624 2803 2994
1440
1441
1442 2814
1443 2243
1444 1828 2438
1445 2642
1446
1447 1832
1448 1638
1449
1450 1747 2227 2407 2825
1451
1452
1453
1454 1666 2866 2994
1455
1456 2796
1457
1458 2097 2149 2680
1459
1460
1461 1863 1898
1462
1463
1464 1685 2031
1465 2094
1466
1467 2592
1468
1469
1470
1471 1550
1472
1473 2310
1474
1475 2896
1476 2020
1477 2259 2824
1478 1823 2232
1479
1480 1869 2653 2696
1481 2269
1482 2072 2606
1483 1503 1715 2221 2471 2762
1484 1577 2083
1485 1682 2581
1486 2201 2264
1487 2137 2797
1488
1489 2739 2968
1490
1491 2947
1492 1939 1974 2714
1493 1650
1494 1586 2552 2791
1495 2181
1496 2935
1497 2922
1498
1499 1556
1500
1501
1502 2101
1503
1504
1505 2160 2349 2858
1506
1507
1508 1661 1818
1509
1510 2708
1511 1675
1512
1513 1641 2206
1514
1515
1516
1517
1518
1519
1520
1521
1522 2856
1523
1524 1644 1791 1803 2178 2858
1525
1526
1527 2147
1528 1590 1838 2663
1529 1612 2413
1530 1688 2215 2545
1531
1532 2422
1533
1534 2997
1535
1536 1694
1537
1538
1539 2048 2219 2602
1540 1701
1541 2073 2759
1542
1543 1636 2293
1544 1691
1545 2029
1546 2728
1547 2000 2887
1548 2100 2125 2390 2440
1549
1550 2443
1551
1552 2496 2922
1553 2306 2384 2965
1554
1555 1919 2367 2938
1556 1865 2745
1557
1558
1559 2369
1560 1908 2015 2108 2939
1561 2530 2832
1562
1563
1564
1565 2061
1566
1567
1568 1970 2564
1569 1634
1570
1571 2218
1572
1573 2173 2624
1574
1575
1576
1577 2880
1578
1579 2476
1580
1581
1582 1702
1583
1584
1585
1586
1587 2562
1588 1655
1589 2122
1590
1591
1592
1593
1594 1957 1973 2050 2720
1595 2047
1596 1929
1597 2003 2995
1598 2442
1599 2430
1600 2231 2692 2726 2843
1601
1602
1603
1604
1605 2190
1606
1607 2427
1608
1609
1610 2192 2454
1611
1612 1905
1613 1637 1778
1614 2804
1615
1616
1617 2297
1618 2079
1619
1620 1983 2395
1621 1680
1622 1733 2041 2597 2846
1623
1624 2698
1625
1626 1704
1627
1628 2075 2747 2987
1629 1826 2772
1630
1631
1632 2297 2489 2966
1633
1634
1635
1636
1637
1638
1639 2011
1640 2258
1641
1642 1807 2473
1643 1677 1995
1644 2181
1645 2458 2629
1646
1647
1648 2249
1649
1650
1651 2038 2247 2547 2584 2783
1652 1990 2021 2535 2931
1653
1654 2916
1655 1734 2214
1656
1657 1926
1658 2798
1659 1971
1660
1661
1662
1663
1664 2134
1665
1666 2109
1667
1668 2755
1669 1787
1670
1671
1672
1673
1674
1675 2003 2049 2768
1676
1677 2361
1678 2671
1679
1680
1681 2660
1682
1683
1684
1685
1686
1687 2433
1688 2829
1689
1690
1691
1692
1693
1694
1695 1816 2307 2345 2629 2700
1696 2513
1697 1952
1698 1829 1911 2077
1699 2069 2385
1700
1701
1702 2488 2914
1703
1704 2430
1705 2917 2937
1706
1707
1708 2186
1709 1767 1799 2170 2248 2610
1710 2407
1711
1712
1713 2453 2468
1714
1715
1716
1717
1718 2133 2714 2867
1719
1720
1721
1722 2990
1723 1958 2543
1724
1725
1726 1985 2117
1727 2151
1728
1729
1730 2578
1731
1732 1999 2559
1733
1734
1735 2035 2910
1736 2897
1737
1738
1739
1740 2263
1741
1742
1743
1744 1853
1745
1746
1747
1748 2464
1749
1750
1751
1752 2352 2511
1753
1754
1755 2024 2242
1756 2877
1757
1758
1759
1760
1761
1762
1763
1764
1765
1766
1767 1998
1768
1769
1770
1771 2260
1772
1773
1774 1806 2294
1775 1796
1776 2223 2665
1777 2621 2807 2834 2949
1778
1779
1780
1781 2075
1782 2301
1783
1784
1785
1786 2109
1787
1788
1789 2688
1790
1791
1792
1793 2876
1794
1795
1796
1797
1798
1799
1800 2590 2827
1801 1824 1874 2715
1802 2065 2099
1803 2268
1804
1805 1976
1806
1807
1808 2107
1809
1810 2681
1811
1812
1813
1814
1815 1924
1816
1817
1818
1819 2289
1820 2920
1821
1822 1911 2082
1823
1824
1825
1826
1827
1828
1829
1830
1831 1888
1832 2437
1833 2708
1834
1835
1836 2715
1837
1838
1839
1840
1841
1842
1843
1844 2320
1845
1846 2697
1847 1900 2398
1848
1849
1850 2131 2662 2991
1851 2627
1852 2592 2673
1853
1854
1855
1856
1857
1858 2515
1859 2165 2494
1860 1868
1861 1930 2280 2590
1862 2412
1863
1864
1865 2222 2582
1866 2101
1867
1868
1869
1870
1871 2953
1872
1873
1874
1875 2305 2874 2897
1876
1877
1878
1879
1880
1881
1882
1883 2091 2183
1884
1885
1886
1887
1888 2731 2981
1889
1890 2845
1891 2312
1892
1893 2252
1894
1895 2658
1896
1897
1898
1899
1900
1901
1902 2544
1903
1904 2104
1905 2271
1906 2703
1907
1908
1909
1910 2125
1911
1912 2124
1913
1914
1915
1916
1917 2868
1918 2088 2622 2643 2682
1919
1920 2468
1921 2498
1922 2146
1923
1924
1925
1926
1927 2028
1928
1929
1930 2067
1931
1932 2721
1933
1934
1935
1936
1937
1938 2038
1939 2701
1940
1941 2524 2543
1942
1943 2434 2457
1944
1945
1946 1992
1947
1948
1949 1989
1950 2240
1951 2817
1952 2685
1953
1954
1955
1956 2353
1957 2269 2336
1958
1959
1960
1961 2506 2990
1962
1963
1964
1965
1966
1967 2376 2523
1968 1983
1969 2164 2647
1970
1971
1972 2374
1973
1974 2212 2575 2751
1975
1976
1977
1978
1979 2217 2267 2484 2549 2857
1980
1981
1982 2612
1983
1984 1988 2565
1985
1986
1987 2818 2857
1988
1989 2457 2602
1990 2140
1991
1992
1993
1994
1995 2605 2801
1996 2769
1997
1998 2338 2352 2967
1999 2980
2000
2001 2866
2002
2003
2004
2005
2006
2007
2008
2009
2010 2127 2308
2011
2012 2358 2472
2013
2014 2703 2711 2730
2015
2016 2462
2017
2018
2019
2020
2021
2022 2132 2355 2504
2023 2291
2024
2025 2061
2026
2027 2069
2028
2029
2030
2031
2032
2033
2034 2232
2035
2036
2037
2038 2822
2039
2040
2041
2042
2043 2139 2333 2735
2044 2216
2045 2332 2667
2046
2047
2048
2049
2050 2702
2051 2123
2052 2128 2348
2053
2054
2055 2770 2771
2056 2328 2659
2057
2058
2059
2060
2061
2062
2063
2064
2065
2066 2884
2067
2068
2069
2070
2071
2072
2073
2074
2075
2076
2077 2514 2639 2705
2078 2976
2079 2112
2080
2081 2754
2082
2083
2084
2085
2086
2087 2556
2088 2466
2089
2090
2091
2092
2093
2094
2095 2446
2096
2097 2957
2098
2099
2100
2101
2102 2194
2103
2104
2105
2106
2107
2108
2109
2110
2111
2112
2113
2114
2115 2742
2116
2117
2118
2119 2432
2120
2121
2122
2123
2124
2125
2126 2408
2127
2128
2129
2130 2618
2131 2996
2132
2133
2134
2135 2434
2136
2137
2138
2139
2140
2141 2596
2142
2143
2144
2145
2146
2147
2148
2149 2737 2964
2150
2151 2752
2152
2153
2154 2838
2155
2156
2157
2158 2617
2159
2160
2161
2162
2163
2164
2165 2965
2166 2679
2167 2805
2168
2169
2170
2171
2172 2346
2173
2174
2175
2176
2177 2482
2178
2179
2180
2181
2182
2183
2184
2185
2186
2187
2188
2189
2190
2191
2192 2749
2193
2194
2195
2196
2197
2198
2199 2945
2200
2201
2202
2203 2323 2699
2204 2474
2205
2206
2207 2734
2208
2209
2210 2403 2510 2676
2211
2212 2423
2213 2420 2509
2214
2215
2216 2958
2217
2218
2219
2220 2574
2221
2222
2223 2913 2960
2224 2245
2225 2670
2226
2227
2228
2229
2230
2231
2232 2916
2233
2234 2397 2690 2767
2235
2236
2237 2725
2238 2823
2239
2240
2241
2242
2243
2244
2245
2246 2583
2247
2248
2249
2250 2395
2251
2252
2253
2254
2255 2380
2256
2257 2898
2258
2259 2474 2917
2260
2261
2262 2354
2263
2264
2265 2579 2649
2266 2998
2267 2899
2268
2269 2841
2270
2271
2272
2273
2274
2275
2276
2277
2278
2279
2280
2281
2282
2283
2284
2285
2286
2287
2288
2289
2290
2291
2292
2293
2294
2295
2296
2297 2698
2298
2299
2300
2301
2302
2303
2304 2479
2305 2415
2306 2414
2307 2601
2308 2662
2309
2310
2311
2312
2313
2314
2315 2800
2316
2317
2318
2319
2320
2321 2360
2322
2323
2324
2325
2326
2327
2328
2329
2330
2331
2332
2333
2334
2335
2336
2337
2338
2339 2391 2927
2340
2341 2839
2342 2646
2343
2344
2345
2346
2347
2348
2349
2350
2351
2352
2353 2809
2354
2355
2356
2357
2358
2359
2360
2361
2362
2363
2364 2480
2365
2366
2367
2368
2369 2480 2568
2370 2516
2371
2372 2595
2373 2504
2374
2375 2828
2376
2377
2378
2379
2380
2381
2382
2383
2384
2385
2386
2387
2388
2389
2390 2512
2391
2392
2393
2394
2395
2396
2397
2398
2399
2400
2401 2734
2402 2529
2403
2404
2405
2406
2407 2497
2408 2517
2409
2410 2631 2829
2411
2412
2413 2905
2414
2415 2495
2416
2417 2730
2418
2419 2420
2420
2421
2422
2423
2424 2852
2425
2426
2427
2428
2429
2430
2431
2432
2433
2434
2435
2436 2835
2437
2438 2856
2439 2677
2440
2441
2442 2763
2443
2444
2445
2446
2447 2942
2448
2449
2450
2451
2452
2453
2454
2455
2456
2457
2458
2459
2460 2656
2461
2462 2887
2463 2847
2464
2465
2466
2467
2468
2469
2470
2471
2472
2473
2474
2475
2476
2477
2478
2479
2480
2481
2482
2483
2484
2485
2486
2487
2488
2489
2490
2491
2492
2493
2494
2495
2496 2776
2497
2498
2499 2574
2500
2501 2654 2929
2502 2555
2503
2504 2988
2505
2506
2507
2508
2509
2510
2511
2512
2513 2830
2514
2515
2516
2517 2904
2518
2519
2520 2717
2521
2522
2523 2809 2909
2524
2525
2526
2527
2528
2529 2947
2530
2531
2532
2533
2534
2535
2536
2537 2808
2538
2539
2540 2960
2541
2542
2543 2827 2934
2544 2666
2545
2546
2547
2548 2620 2733
2549
2550
2551
2552
2553
2554
2555 2571
2556
2557
2558
2559
2560
2561
2562
2563 2892 2902 2933
2564
2565
2566
2567
2568 2786
2569 2697
2570
2571
2572
2573
2574
2575
2576
2577
2578
2579 2720
2580
2581
2582
2583
2584 2819
2585
2586
2587
2588
2589
2590
2591 2991
2592
2593
2594
2595 2727
2596
2597
2598
2599
2600
2601
2602
2603
2604 2772
2605 2749
2606
2607
2608
2609
2610
2611
2612 2648
2613 2701
2614
2615
2616
2617
2618
2619
2620
2621
2622
2623
2624
2625
2626
2627
2628
2629
2630
2631 2694
2632
2633
2634
2635
2636
2637
2638
2639
2640
2641 2833
2642
2643
2644
2645
2646
2647
2648
2649
2650
2651
2652
2653
2654
2655
2656
2657
2658
2659
2660 2988
2661 2710 2878
2662
2663
2664
2665
2666 2728
2667
2668
2669
2670
2671
2672
2673
2674
2675
2676
2677
2678
2679
2680
2681
2682
2683
2684
2685
2686
2687
2688
2689
2690
2691
2692
2693
2694
2695
2696 2852
2697
2698
2699
2700
2701
2702
2703
2704
2705 2824
2706
2707
2708
2709
2710
2711
2712
2713
2714
2715 2719
2716
2717
2718
2719
2720
2721
2722
2723 2781
2724
2725 2769
2726
2727
2728
2729
2730
2731 2790
2732
2733
2734
2735
2736
2737
2738
2739
2740 2993
2741
2742
2743
2744
2745
2746
2747
2748 2939
2749
2750
2751 2992
2752
2753
2754
2755
2756
2757
2758
2759
2760
2761
2762 2777
2763 2902
2764
2765
2766
2767 2997
2768
2769
2770
2771
2772
2773
2774
2775
2776
2777
2778
2779
2780
2781
2782
2783
2784
2785 2876
2786
2787
2788
2789
2790
2791
2792
2793
2794
2795
2796
2797 2969
2798
2799
2800
2801
2802
2803
2804
2805
2806
2807
2808
2809
2810
2811 2976
2812
2813
2814
2815
2816
2817
2818
2819
2820
2821
2822
2823
2824
2825
2826
2827
2828
2829
2830
2831
2832 2950
2833
2834
2835
2836
2837
2838
2839
2840
2841
2842
2843
2844
2845
2846
2847
2848
2849
2850
2851
2852
2853
2854
2855
2856
2857
2858
2859
2860
2861
2862
2863
2864
2865
2866
2867
2868
2869
2870
2871
2872
2873
2874
2875
2876
2877
2878
2879
2880
2881
2882
2883
2884 2972
2885
2886
2887
2888
2889
2890
2891
2892
2893
2894
2895
2896
2897
2898
2899
2900
2901
2902
2903
2904
2905
2906
2907
2908
2909
2910
2911
2912
2913
2914
2915
2916
2917
2918
2919
2920
2921
2922
2923
2924
2925
2926
2927
2928
2929
2930
2931
2932
2933
2934
2935
2936
2937
2938
2939
2940
2941
2942
2943
2944
2945
2946
2947
2948
2949 2970
2950
2951
2952
2953
2954
2955
2956
2957
2958
2959
2960
2961
2962
2963
2964
2965
2966
2967
2968
2969
2970
2971
2972
2973
2974
2975
2976
2977
2978
2979
2980
2981
2982
2983
2984
2985
2986
2987
2988
2989
2990
2991
2992
2993
2994
2995
2996
2997
2998
2999
