#C:/Users/timos/Documents/GitHub/simulating-vaccinations/code/network.py
# GMT Sun Dec  2 15:20:51 2018
# 
0 2 3 4 5 6 7 8 9 10 16 28 53 59 60 61 65 73 74 76 83
1 2 6 32 76
2 3 4 5 7 9 11 13 18 19 20 28 36 37 49 52 55 69 79 85 88 89 91 94
3 8 11 21 39 40
4 14 17 66 86
5 26 30
6 19 34
7 10 12 17 24 25 31 82
8 12 44 67 84
9 18 23 25 29 57 59 88 97 99
10 31 34 63
11 15 21 33 60
12 13 14 16 29 33 36 42 50 53 55 56 61 66 69 71 91 93
13 24 74
14 15 27 35 37 43 64 73
15 35 38 46
16 20 39 41 62 67 85 90
17 22 23 26 32 50 52 54 56 89 90
18
19 40 44 48 78
20 46 47 51
21 22 30 42 47 64 75
22
23 58 97
24
25 27 72 75
26
27
28 70
29
30 57
31 62 94
32 45 51 54 81 82
33 83
34
35 38 87
36
37 41 65 92
38 68 80 86
39
40
41 43 87
42 45 96 98
43 48
44
45 72
46
47 49 79
48
49 63 77
50
51 77 96
52
53 81
54
55
56
57 58
58 95
59
60 93
61 78
62 68 84
63
64
65
66 71
67
68
69 70
70
71
72
73 92
74
75
76 80 99
77
78
79
80
81
82
83
84
85
86
87
88
89 98
90
91
92 95
93
94
95
96
97
98
99
