#C:/Users/timos/Documents/GitHub/simulating-vaccinations/code/network.py
# GMT Sat Dec  1 14:33:21 2018
# 
0 2 3 20 26 27 36 58 70 110 170 178 180 214 227 242 244 250 370 371 412 430 464 479 624 693 760 764 785 800 938 1170 1187 1191 1225 1247 1468 1552 1613 1682 1720 1747 1782 1793 1835 1882 1993 2017 2070 2100 2249 2314 2376 2498 2710 2717 2796 2876 3280 3558 3640 3806 4018 4118 4135 4148 4150 4332 4423 4631 5289 5318 5498 5515 5610 5697 5802
1 2 4 6 7 8 9 13 29 48 54 68 72 96 103 116 153 177 192 254 296 302 323 334 342 350 379 478 604 656 658 690 696 745 748 780 801 833 874 939 959 989 1005 1049 1074 1180 1188 1354 1369 1412 1476 1484 1580 1593 1662 1690 1765 1790 1910 1924 2004 2394 2529 2639 2755 2768 3037 3085 3176 3215 3345 3480 3517 3784 3867 3934 4054 4191 4405 4547 4585 4781 5116 5137 5357 5397 5569 5900
2 3 4 5 10 11 14 16 17 19 30 31 43 45 49 50 53 57 63 73 81 82 85 90 94 97 99 103 105 107 123 126 133 162 164 165 166 183 200 203 205 210 212 215 222 226 228 237 257 262 272 275 315 320 324 338 361 422 525 576 662 669 687 698 742 756 850 861 925 984 1001 1007 1012 1042 1043 1070 1079 1153 1182 1190 1196 1267 1268 1272 1323 1345 1353 1386 1475 1494 1495 1508 1565 1648 1705 1709 1749 1757 1764 1837 1851 1892 1986 2022 2285 2288 2291 2363 2426 2445 2447 2482 2516 2566 2586 2597 2627 2658 2678 2739 2754 2773 2789 2826 2861 2868 2966 2977 2979 3031 3063 3152 3170 3184 3195 3223 3245 3320 3430 3484 3539 3641 3680 3704 3877 4173 4207 4269 4281 4283 4416 4522 4533 4626 4650 4699 4752 4792 4806 4844 4871 4882 4933 4945 5003 5027 5032 5296 5376 5381 5420 5427 5469 5471 5487 5490 5589 5766 5820 5836 5852 5871 5879 5884 5945
3 5 6 42 155 157 215 393 417 419 505 653 657 677 718 954 1265 1301 1326 1350 1363 1370 1499 2119 2140 2181 2284 2296 2574 2746 2956 3217 3291 3324 3465 3503 3507 3579 3666 3735 3748 3805 3814 4022 4418 4544 4572 4621 4644 4847 4893 4943 4960 5299 5405 5453 5460
4 22 25 29 37 45 49 50 74 77 78 87 89 91 110 200 223 236 255 270 278 297 330 343 354 378 431 440 453 472 522 684 697 711 741 813 903 944 987 988 1078 1213 1250 1263 1291 1314 1347 1503 1548 1578 1756 1880 1901 1939 1962 2044 2091 2095 2115 2121 2238 2260 2292 2299 2321 2430 2463 2471 2676 2693 2756 2777 2795 2821 2851 3257 3259 3311 3358 3385 3416 3455 3490 3873 3952 4065 4155 4206 4275 4377 4386 4468 4494 4534 4624 4739 4804 4822 4842 4869 4927 5146 5205 5366 5515 5525 5670 5743 5755 5891 5910 5942
5 13 57 61 62 64 69 121 128 194 239 283 288 376 422 433 845 873 1063 1182 1215 1464 1515 1569 2010 2226 2297 2401 2530 2712 2847 3342 3372 3736 3777 4255 4447 4638 4639 4649 4677 4705 4711 4853 4959 5632
6 7 8 9 10 11 12 15 17 18 22 23 34 35 40 41 46 47 53 55 59 72 74 80 81 99 105 106 118 120 127 128 136 140 146 153 154 155 160 167 175 182 189 196 206 225 229 239 241 245 249 253 267 318 324 346 352 360 387 390 400 401 415 437 456 473 477 481 499 562 583 612 618 621 625 631 701 736 738 746 748 752 776 789 799 801 810 825 895 913 943 958 973 998 1053 1054 1056 1062 1084 1086 1090 1112 1129 1147 1165 1167 1172 1297 1302 1374 1409 1417 1425 1446 1488 1521 1563 1599 1623 1663 1666 1667 1672 1708 1855 1856 1868 1873 1898 1956 1985 1996 2005 2015 2054 2083 2200 2241 2277 2322 2366 2375 2382 2394 2411 2568 2609 2635 2642 2659 2871 2900 2939 2949 2961 2981 2996 3020 3041 3145 3152 3189 3246 3250 3259 3395 3404 3426 3428 3452 3457 3462 3482 3497 3514 3557 3624 3646 3659 3672 3702 3708 3715 3747 3753 3771 3782 3826 3905 3956 3962 3974 3989 4014 4035 4142 4195 4196 4263 4334 4382 4435 4480 4552 4587 4617 4626 4644 4692 4714 4742 4744 4774 4792 4861 4880 4898 4938 4948 5005 5011 5012 5017 5195 5201 5379 5390 5401 5458 5485 5615 5642 5678 5770 5811 5853 5878 5932 5979
7 14 18 21 23 28 32 35 40 78 97 101 102 104 111 126 129 140 156 161 176 188 201 204 228 252 285 309 310 316 328 362 386 395 396 491 496 497 498 506 544 547 554 613 681 849 854 877 984 988 995 997 1002 1014 1067 1068 1112 1210 1277 1293 1330 1368 1392 1414 1427 1437 1445 1499 1519 1528 1549 1573 1584 1604 1685 1818 1974 2046 2085 2135 2172 2237 2269 2274 2290 2312 2326 2493 2499 2588 2602 2604 2645 2828 2907 3027 3043 3118 3143 3163 3194 3195 3307 3317 3367 3451 3543 3568 3647 3689 3830 3937 3957 3979 4023 4049 4080 4161 4178 4255 4262 4311 4391 4603 4890 4903 4942 4946 5039 5081 5153 5195 5492 5497 5512 5584 5603 5822 5869 5969
8 12 39 235 288 377 609 835 908 1071 2023 2078 2616 2633 3090 3214 3626 4709 4730 4855 5258 5592 5920
9 26 31 163 316 522 1046 1101 1104 1404 1778 1935 1986 2355 3289 4514 5279
10 16 19 51 84 125 135 168 177 183 256 420 461 583 641 1063 1169 1465 1501 1610 1680 1708 1774 2045 2210 2213 2381 2576 2660 2701 2803 2859 3115 3278 3519 3637 3668 3832 3838 3848 3980 4065 4220 4395 4507 4690 4784 4998 5033 5063 5131 5138 5376 5393 5461 5501 5522 5660 5681 5867 5901 5931 5977 5987
11 1870 2038 2205 2494 3855 4155
12 15 25 44 64 77 88 92 116 139 142 144 147 150 179 199 226 238 258 276 280 305 346 392 449 460 500 594 779 807 1015 1082 1206 1226 1261 1317 1392 1448 1449 1527 1556 1845 1949 2030 2101 2157 2392 2444 2613 2668 2916 2937 2973 3087 3342 3380 3500 3758 4355 4486 4579 4905 4931 5148 5341 5420 5542 5556 5836
13 24 39 51 56 93 109 119 148 149 166 186 255 259 264 326 356 361 364 385 387 484 542 569 607 719 811 966 977 1016 1059 1131 1158 1330 1349 1665 1669 1768 1787 1807 1830 1845 2187 2193 2221 2335 2561 2596 2621 2648 3037 3359 3417 3455 3730 3877 3957 4101 4177 4366 4619 4647 4692 4740 4775 4917 5110 5214 5389 5446 5696 5881
14 75 217 312 351 394 426 777 791 879 2228 2589 2942 3284 3411 4577 5732 5892
15 21 37 43 52 68 79 86 138 243 244 295 382 399 406 420 429 494 515 521 574 603 614 617 667 766 838 878 1027 1054 1058 1087 1105 1173 1228 1264 1269 1270 1271 1284 1297 1338 1395 1443 1482 1497 1626 1673 1717 1721 1869 1890 2017 2048 2158 2525 2590 2703 2704 3175 3338 3664 3888 4142 4168 4264 4266 4302 4366 4462 4587 4803 5096 5299 5350 5548 5604 5640 5831 5847 5985
16 20 44 71 73 89 125 144 233 318 319 378 423 566 590 591 709 713 718 789 926 1064 1251 1278 1394 1572 1783 1803 1867 2299 2820 2890 2982 3582 3891 3955 4496 4579 5016 5538 5586 5899
17 33 112 117 260 272 279 300 325 417 640 711 796 954 983 1450 1545 1738 1882 1953 2263 2880 3580 3616 3688 3763 4176
18 28 33 38 71 366 777 796 874 1028 1323 1983 2828 2921 3774 3863 3904 4030 4662 4933 5159 5231 5384 5878
19 36 66 79 85 113 118 211 235 529 580 623 674 733 743 859 913 1185 1385 1429 1467 1725 1805 1948 2254 2304 2562 2618 2769 3255 3536 3545 3801 4081 4290 4350 4381 4682 4907 5287 5387 5419 5489 5905
20 27 96 120 171 211 502 723 1251 1390 1662 1697 2706 3842 4216 4343 5047 5628 5773
21 76 124 304 312 372 627 647 653 753 837 2124 2340 2506 2584 2891 3760 4104 4722
22 24 52 95 100 174 234 284 410 799 827 1025 1161 2056 2734 3464 4447 4843 5784
23 67 101 1139 1262 1435 2252 2709 5154 5696
24 58 310 576 649 792 853 918 1018 1137 1159 1257 1756 2780 2866 2907 3098 4263 4820 4866 5425
25 47 145 281 293 474 910 2000 2047 2811 3775 4197
26 30 32 66 193 194 294 374 432 520 524 557 650 730 749 813 925 1136 1464 1562 1669 1735 2113 2117 2130 2462 2743 2967 3607 3629 3766 4048 4060 4247 5010 5291 5863 5976
27 2240 2266 2656
28 38 65 143 165 295 371 535 764 1234 1627 2362 2786 5004
29 133 152 164 1132 1511 1516 2670 2763 2954 3643 3798 4483 4789 4954 5144 5473
30 48 59 161 204 209 210 231 234 300 348 359 463 517 642 969 1078 1580 1925 2037 2106 2540 2853 2926 3348 3486 3491 3814 3987 5129 5130
31 60 82 1781 1858 2276 2805
32 34 41 42 61 70 86 90 181 213 220 320 411 436 439 450 470 480 540 737 759 836 842 935 1142 1149 1171 1203 1219 1260 1346 1379 1457 1489 1532 1760 1789 1910 1916 2127 2264 2465 2518 2541 2833 2895 3002 3083 3144 3201 3207 3262 3808 3861 4516 4925 4975 4998 5723 5847 5924
33 132 247 307 407 527 660 682 698 949 1102 1123 1321 1617 1672 1984 2092 2155 2354 2440 2931 3017 3389 3519 3530 3590 3769 3802 4213 4537 4637 5060 5290 5529 5651 5777 5906 5911
34 430 648 752 899 939 985 1564 1751 1949 2008 2138 2416 2518 4974 5077 5708
35 46 178 870 3420 4342
36 134 292 1069 2312 2416 2476 2688 2767 3000 3570 3773 4057 4563 4695 5183 5402 5440
37 54 104 134 167 201 290 464 490 535 710 846 942 1021 1098 1174 1205 1303 1329 1340 1381 1504 1518 1593 1617 1754 1998 2249 2271 2287 2708 2723 2741 2808 2875 3074 3308 3412 3523 3600 3706 3792 3862 3972 3998 4156 4183 4211 4424 4554 4662 4805 4845 4852 4953 5057 5141 5222 5344 5377 5563 5767 5952
38 306 690 915 1650 1988 2180 4132
39 129 203 219 493 884 901 1655 2791 2879 3175
40 113 122 146 191 265 399 425 446 471 720 784 1179 1196 1490 2250 2860 3010 3332 3432 4033 4036 4252 4282 5162 5576 5614 5731 5857
41 56 76 159 168 170 345 747 824 1134 1170 1684 1987 1999 2368 3864 4079 4222 4277 4543 4553 5043 5446 5575
42 180 262 4781 5089 5147 5204 5460 5510
43 2094 5750
44 67 95 108 150 195 274 311 359 563 623 719 900 1009 1034 1101 1308 1352 1502 1590 1659 1719 1722 1753 1993 2044 2055 2111 2213 2255 2290 2298 2408 2695 2830 2874 2942 3724 4751 5666 5815
45 511 921 1971 2654 3015 5114
46 462 726 987 1968 1972 2392 2641 3085 3218 3356 4602 5514
47
48 868 922 1677 5244
49 65 147 205 357 413 589 917 1057 2437 2664 3527 4350 4470 5824
50 62 69 122 975 1215 1473 1555 1766 2014 3501 3725
51 106 107 328 350 425 664 836 1106 1135 1206 1262 1462 1636 1759 2121 2250 2310 2478 2549 3103 4484 5409 5831
52 75 83 218 245 303 360 534 625 639 655 843 1223 1350 1633 1898 1913 2170 2358 2415 2576 2645 2758 2951 3123 3275 3405 4214 4236 4560 4745 5030 5500 5890
53 55 91 100 124 130 208 229 252 273 383 409 415 696 784 817 858 1236 1304 2270 2300 3779 3868 4001 4133 4592 4729 4896 5045 5412 5703
54 63 87 132 158 266 270 366 402 403 1085 1088 1355 1456 1947 2217 2349 2425 2634 3852 4364 4876 5075 5125 5569 5879 5994
55 123 169 243 269 308 384 412 560 585 592 617 621 626 631 820 825 872 985 1534 1535 1625 1651 1671 1687 2137 2230 2304 2459 2495 2549 2567 2849 3112 3503 3572 3891 3938 3991 4374 4541 4736 4764 5152 5160 5275 5330 5447
56
57 60 207 459 496 516 527 730 738 781 912 936 1113 1560 1630 2278 2544 2612 2930 2957 3232 3332 3422 3500 4013 4922 5029 5165 5184 5305 5316 5465
58 102 187 261 286 507 597 699 742 968 1042 1256 1306 1387 1436 1689 1794 1881 1942 1961 1981 2173 2218 2534 2797 3412 3536 3587 3662 3686 4205 4523 4548 4967 5062 5338
59 115 154 158 336 662 712 932 940 1316 1319 2395 2431 2596 2717 2750 2831 2833 3126 3494 4094 4441 5481
60 108 131 1470 2560 2894 3005 3295 3577 3654 5322 5605
61 392 831 1124 4112 5310
62 250 1062 2716 5323 5727
63 88 109 111 131 138 151 202 206 221 257 299 315 442 457 515 550 599 691 908 930 937 1102 1143 1152 1583 1594 1595 1686 1712 1716 1945 1958 2268 2684 2864 2978 3238 3336 3443 3751 4198 4278 4330 4364 4445 4971 5031 5088 5246 5607
64 136 173 440 524 644 1032 2456 2854 3227 3905 4129 4400 4875 5027 5479
65 92 174 353 533 2145 2792 3160 3978 4078 4481 5016
66 266 292 337 357 921 2561 2990 3392 3517 3642 4098 4750
67 246 326 455 547 774 902 1040 1270 2379 2943 3406 5825
68 121 297 314 322 331 373 487 570 687 697 1034 1183 1492 1645 1706 2011 2068 2139 2169 2172 2278 2779 2848 3198 4085 4353 5133 5712
69 336 406 427 663 683 689 790 862 884 885 918 1122 1192 1239 1545 1558 1668 1771 2214 2234 2363 2822 2867 3214 3403 3434 3518 3781 4150 4562 4846 4909 4993 5088 5297 5742
70 114 135 254 271 394 538 544 545 749 841 1052 1403 1769 1950 2220 2417 3202 3692 3723 3810 3963 4029 4188 4278 5024 5187
71 94 264 592 593 869 888 1253 1520 1533 1792 2183 3096 4295 4897
72 248 433 685 1050 2147 3479 4071 5117 5516 5839
73 93 152 208 247 411 480 751 916 963 1209 1542 1551 1743 1814 2041 2455 2470 2579 3041 3127 3863 5254 5451 5794
74 156 160 260 299 355 384 843 1313 1509 1686 2451 2557 2766 3728 4148 4320 4322 4758 4788 4915 5106 5439 5549 5951
75 83 130 207 307 670 1165 1905 2107 2123 2303 2524 2816 3582 3595 3691 3890 3972 4465 4482 4542 5301 5307
76 457 484 848 1127 2315 2474 4402 4448 5429
77 80 84 127 191 265 278 598 636 1178 1242 1364 1409 1415 1469 1514 1608 1653 1747 1781 1810 2187 2366 2456 2491 2505 2732 2776 2868 3231 3235 3354 3581 3819 3947 3967 4077 4126 4184 4569 4724 4761 4978 5422 5602 5881
78 182 216 421 467 519 523 1268 1862 2200 2317 2516 3123 3344 3786 4226 4658 4703 4860 5620
79 190 327 461 555 584 699 896 1118 1150 1269 1399 1746 1890 1952 2110 2638 2803 2980 3156 3233 3402 3492 3763 3809 3836 4307 4514 4557 4605 4668 4702 5369 5768 5858 5880
80 98 137 221 240 691 761 819 821 888 955 1012 1146 1162 1367 1725 1920 1992 2784 2987 3004 3794 3847 3902 3903 5226 5718
81 1249 1680 2720 2888 3585 5331
82 493 1241 3301 3347 3901 5851
83 98 190 256 940 946 1050 1095 1280 1305 1643 1894 2184 2194 2364 2749 2982 3109 3843 3850 3902 4103 4177 4844 4854 5619
84 876 2985 4000 5229 5491
85 141 231 259 351 780 914 970 1044 1276 1929 2609 2845 3441 5200
86 217 240 1260 1524 2149 2371 2940 3138 3219 3567 3676 4419 4615 5257 5544
87 145 267 600 1786 2218 2656
88 189 198 559 610 729 883 1231 2825 3414 5942 5967
89 115 543 702 2365 3992 4144 4896
90 112 175 184 188 230 309 345 389 444 596 865 869 1230 1256 1458 1709 2397 2446 2520 2945 3216 3243 3793 3966 4471 4568 5006 5018 5507 5805
91 1081
92 349 601 629 1036 1754 4988
93 176 289 313 333 401 402 459 465 572 788 1016 1150 1398 1940 2012 2179 2318 3371 3411 3617 3857 4070 4100 4159 4189 4657 4800 5169
94 574 1550 3337 4218 4663 4664 5019 5722
95 114 139 151 173 285 523 532 605 654 657 671 723 1161 1200 1218 1333 1339 1365 1407 1439 1601 1621 1646 2061 2076 2207 2271 2317 2341 2407 2994 3010 3183 3604 3690 4251 4270 4382 4623 4625 5033 5164 5211 5262 5660
96 251 280 1435 1957 2039 2052 3377 3849 3883 5504
97 579 735 3009
98 196 209 225 305 341 812 814 827 1099 1175 1899 1900 2161 2286 2342 2384 2615 4339 4518 4616 4646 5752 5832
99 149 916 1466 2372 2903 4446 5171
100 347 443 577 636 772 822 1009 1023 1192 1228 1273 1286 2414 2632 2928 3386 3564 3684 4162 4485 5426 5871
101 1378 2677 2855 3982 5321
102 172 227 510 634 1480 1802 3018 3042 3981 4406
103 1344 2262
104 117 141 162 169 249 355 408 503 816 875 1076 1117 1274 1506 1742 2014 2150 2202 2374 2577 2627 2952 3055 3240 3694 3700 3744 3787 4095 4097 4127 4185 4363 4797 4930 4981 5528
105 148 224 306 321 447 488 506 520 610 1117 1241 1445 1811 2477 2721 3485 3673 4205 5883
106 119 1010 1638 2281
107 2490 2625 2939
108 379 414 750 1211 2152 2221 3102 3154 4524 4979 5665
109 157 308 720 744 979 4932 5339
110
111 584 652 728 947 1115 1207 1744 2167 2359 2434 2563 2748 3922 4239 4745 4860 5355 5537 5639 5821
112 137 163 333 569 611 744 1505 2224 2262 4137 4883 5366 5425 5983
113 321 1097 1500 1622 1688 1751 1869 1884 1932 2057 2129 3092 3720 3724 4338 5702 5726 5875
114 502 4051
115 195 230 273 3651 5474
116 186 287 452 525 1622 5430
117 237 673 778 1326 1840 2006 2066 2565 2933 2999 3178 3213 4046 4203 4441
118 739 873 877 1021 1198 2074 3396 4676 4719 5021 5122
119 483 501 1678 2511 3935 5104 5432
120 187 911 1072 1346 1644 2243 3702
121 212 365 526 552 615 702 887 957 966 1284 1287 1654 1657 1742 1785 1901 1941 1964 2313 2707 2733 2904 3159 3909 4292 4500 5274 5419 5437 5823
122 353 993 1423 1431 1489 2141 2439 2458 2690 5571
123 271 374 862 865 1017 1600 1861 2095 2423 2984 3057 3574 4194
124 2049
125 193 268 349 680 815 1405
126 261 339 398 448 1022 1836 2256 2375 2613 3051 3401 3765 4333 5370
127 2346
128 1799 3895
129 232 242 367 475 542 757 811 900 1420 1891 2030 2629 3311 3695 3926 4316 4445 4601 4773
130 1451 1535 1923
131 263 317 358 447 565 867 1736 1892 2132 2414 2966 2989 3383 3421 3472 3560 4568 5347 5462 5936 5951
132 519 4012
133 142 199 358 370 567 1205 1803 2266 2302 2766 2839 3475 3896 4796 4816 4850 4881 4901 5452 5464 5894
134 172 552 904 4388 5707 5716
135 429 508 556 646 979 1080 1160 1517 1586 1814 2356 2793 2817 2944 3179 3379 3499 3921 3993 5797 5923
136 550 4385 5664
137 197 232 311 335 407 531 639 1115 1628 1631 1635 1912 2117 2270 2515 2637 3031 3204 4304 4565 4885 5087
138 216 444 952 2653 4474 5854
139 330 332 432 474 538 668 787 803 1631 1761 1942 2003 2310 3022 3976 4204 4383 4983 5247 5368 5885
140 143 213 352 380 724 1094 1104 1218 1863 2085 2092 2435 2447 2624 2938 3190 4807 5695 5741 5759 5827 5839
141 1397 1630 2258 2669 3261 3558 4732 5787
142 185 455 462 837 947 1451 1475 1695 1710 1738 1755 1984 2537 2759 3288 4972 5071
143 159 428 737 1373 1404 1424 1642 1889 1912 2185 4539
144 541 896 1098 1599 1938 2036 2251 2268 2307 2585 2837 2856 3003 3057 3386 3597 3862 4093 4288 4687 4715 4878 5007 5354 5441
145 185 434 595 2080 2325 3000 3741
146 202 467 852 926 930 1022 1181 1411 2359 3512 3624 4310 4412 4748 4825 5462 5619 5911 5998
147 473 553 566 1091 1114 2065 2308 3062 4527
148 275 451 933 5518
149 184 734 778 1033 2028 2606 3674
150
151 179 373 382 651 689 829 1184 1562 1603 1639 2370 2521 3418 3734 4092 4982 5342
152 198 529
153 171 223 934 1441 2075 2235 4618 4707
154
155 423 598 1563 2202 2948 4555 4571 4905 5433 5450
156 613 956 1144 1232 2002 3076 3300 4326 5294 5298 5353 5365
157 253 388 775 2780 3353 4898 5101
158 427 756 958 2207 3427 5455 5933
159 192
160 219 643 861 965 1184 1793 2062 3599 3666 3687 4067 4271 5685
161 445 454 521 1490 1907 1976 2182 4516 5332 5560 5856
162 628 2051 2573 2677 5373 5643 5789
163 1556 2663 3078 5254
164 375
165 996 1243 5528
166 284 343 512 537 577 727 1116 1278 1343 1446 2132 2140 2472 3200 3343 4186 4505 4841 5795
167 263 317 319 637 668 839 1118 1557 1734 2047 2404 2915 2978 3205 3481 4242 5698 5699 5703
168 356 508 674 973 1141 1328 1388 2463 2574 3760 3775 3909 3943 3965 3974 4272 5351 5587 5999
169 383 514 705 824 1582 1602 1964 3053 3338 4573 5580
170 181 197 585 1524 1634 2032 2506 3069 3496 4294 5896
171 269 301 513 568 587 619 706 986 1027 1366 1377 1559 1806 1833 2075 2323 2520 2776 2922 3498 4589 4973 5396
172 1212 3870 5782
173 258 286 294 354 482 541 661 710 1449 1487 1501 1510 1612 1650 2917 3114 3800 4223 5012 5135 5413 5754
174 1227 3959
175 2465
176 334 1108 2229 3011 5502
177 487 498 509 632 634 880 957 1382 1443 1592 2427 2628 2931 3292 4134 4713 4851 5312 5640
178 298 2691 3946 5314
179 476 3525 4293
180 291 301 363 509 593 602 769 891 955 1458 1982 2089 2164 2232 2882 3277 3660 3813 3820 3898 3992 4858 4913
181 268 485 906 980 1348 2700 4191 4943 5740
182
183 489 2537 2603 3546 4635 4683 5457 5533
184 654 666 964 1324 1775 2078 2265
185 287 298 405 788 1406 2086 2204 2595 2655 3060 3522 3876 4059 5078 5134 5372
186 393 942 3143 3912 4449 5112
187 478 546 2535
188 2019 5586
189 663 901 1051 1091 1188 1571 1588 1633 1798 1954 2409 2602 2863 3113 4116 4651 4652 4697 5340 5801
190 2671 3447 4192
191 282 400 596 886 1064 1106 1199 1541 1700 1974 2211 2351 2625 2950 2970 3015 3425 3764 3765 3914 3988 4171 4722
192 218 274 293 362 375 381 495 543 579 616 693 717 721 724 741 858 898 971 1013 1059 1085 1128 1134 1259 1266 1283 1358 1758 1835 1852 2059 2064 2068 2160 2178 2347 2461 2528 2657 2690 2778 2798 2824 3390 3437 3548 3555 3603 3647 3671 3975 4115 4393 4411 4438 4859 5077 5209 5410 5417 5793
193 335 465 1224
194 282 1066 1096 1828 2350 2749 3024 3199 3425 4299 4347 4778 4939 5288 5508 5738 5752
195 236 327 368 449 683 729 859 941 1154 1181 1252 1384 1933 2027 2065 2193 2212 2607 2804 3075 3346 3430 4118 4171 4610 5084 5576 5971
196 220 1567 4324
197 337 377 680 967 1291 1523 2626 2759 3270 3534 3703 4123 4404 5056 5122
198 5066
199 561 1419 1574 1854 2130 2239 3065 4532 4572 5259 5765
200 332 589 701 3776 4502 5046 5985
201 511 2013 2921 5599
202 214 341 476 897 956 976 1113 1419 1832 1958 1999 2486 2832 3333 3835 4247 4636 4950 4952
203 532 1141 1301 1401 1864 2093 2652 3198 3266 3464 5025 5103 5680 5926
204 396 682
205 233 672 1498 1875 2353 2378 2423 2454 2887 3952 3953 4206
206 277 513 816 886 983 1121 1334 1549 1861 2106 2153 2642 3139 3859 4095 4167 4641 5302
207 289 3125
208 403 559 802 2699 4319
209 453 472 582 944 1061 1233 1713 1895 2082 2101 2231 3097 3396 4086 4267 5121
210 222 248 648 1107 1478 1897 5407
211 685 1667 2926
212 277 313 933 1017 1440 2592 3423 3505 3939 4532
213 314 1315 2098 2522 2560 3362 3516 4650 5017
214
215
216 439 504 3627 3927 4013 4157 4257 4338 5362 5850
217 296 1632 1860 2327 4360 5403
218 224 704 1784 2322 2324 3104 3160 3688 4832
219 348 568 705 795 878 915 1332 1802 2055 2139 2148 2188 2955 3433 3444 3524 3788 3885 4199 4266 4270 4370 4503 4661 4924
220 483 700 745 763 872 1029 1641 2010 4085 5368 5421 5806
221 466 643 656 1077 1240 1529 1658 2728 3367 3487 4172 5639 5650
222 504 558 1455 1544 1554 1941 2503 2854 3202 3271 4050 4485 4600
223 722 935 976 1083 1322 2235 3424 3533 3635 4552 5074
224 241 363 492 1576 1917 2252 2479 3239 3405 3711 4775 5031 5302 5636
225 3881
226 871 1547 2488
227 246 251 281 291 329 507 622 688 754 776 1145 1193 1543 2467 2908 2965 3098 4020 4119 4561 5050 5197 5392 5971
228 443 539 785 887 1045 1955 1970 2133 2531 2559 2701 2865 2943 4003 4672 4993 5064 5133 5374
229 486 551 571 580 630 798 826 866 882 962 1204 1299 1785 2032 2184 2199 2509 2527 2858 2864 3433 3561 3587 5034 5820
230 910 2600 5414 5579
231 283 2080 5829
232 451 790 795 805 1096 1486 1994 2069 2620 5658 5917
233 395 468 2757
234 276 302 409 612 830 938 1164 1195 1201 1996 2052 2543 3036 3316 3450 4144 4573 4600 4719 4900
235 391 1454 1889 3286 3871 4760 5183 5566
236 238 516 943 1606 1822 1883 2761 3363 4113
237
238 658 1279 4149 5472
239 1937 2342 3648 5828
240 290 381 413 463 528 616 768 890 991 1243 1476 1740 1787 1805 2086 2159 2309 2867 2937 3216 3229 3528 3605 3975 4631 5100 5367
241 2905 3013 4455 5601
242 960 1020 1219 2963 4648 5248
243 2357 2635 4212
244 664 755 1325 1728 2000
245 645 1371 1598 1616 1957 3554
246 605 1235 2503 3077 3187 4285
247 2157
248 660 1008 1519
249 279 540 708
250 497 558 761 863 876 981 1149 1187 1194 1453 1698 2023 2112 2458 2531 2557 2744 2893 2923 3166 3393 3453 3456 3520 3655 3887
251 445 951 2890 2917 3003 3062 4836
252 322 486 1413 1452 2100 2644 4591
253
254 331 475 1197 1450 2769 3610 4284 4784
255 818 1279 2662
256 3028
257 397 692 735 1474 1605 1825 2345 3082 3169 3304 3544 3553 3871 4070 4964 5134
258 323 518 608 635 677 867 992 1259 1463 1491 2001 2595 2986 3078 3147 3167 4271 4388 5095
259 531 567 716 1612 1681 1887 2289 2436 2539 3949 4371 4839 4963 5480 5720
260 709 755 1111 2272 2630 3350 3789 3950 5617
261 2932
262 460 991 1731 3058 3274 3924
263 469 553 1000 1097 1649 1807 2167 2990 4194 4629 4754 5186 5656
264 905
265 304 369 421 426 495 849 1074 1303 1607 1663 1705 2338 3174 3264 3441 3925 5253
266 367 398 408 436 499 588 740 808 889 964 1261 1469 1538 1808 1883 2525 3006 3243 3399 3639 3715 3718 3969 4064 4297 4319 4396 4680 4987 5243 5499
267 707 1233 2186 3158 4804
268 325 404 606 1116 1521 2383 2581 2757 2796 3103 3224 3640 4362 5204 5548
269 303 977 1130 1430 3308 4749 5898
270 841 996 1041 1369 1915 5271
271 369 2526
272 681 1724 2608 5085 5477 5851
273 686 1249 1623 2704 2927 3116 3154 3226 3868 3929 4887 5476 5508
274 434 1816 3680
275 628 978 1107 1287 1914 2654 3783 4409
276 1299 1581 3540
277 974 1274 1440 3556 5449
278 1281 2126 4766
279 594 1526 2349 2379 5190
280 485 779 1217 2545 2979 3538 4892 4937
281 458 491 1408 2468 2984 4181 4771 5799
282 627 844 1038 2156 4405 4602 4785
283 591 881 5175 5819
284 416 582 665 3696 3780 4970
285 342 1040 1806 2110 4037 5336 5990
286 536 782 1003 1670 1879 2513 3822 4285
287 1310 4046
288 573 828 1625 1827 2285 3726 3822 5272
289 338 905 949 2755
290 340 537 666 1263 1822 2120 3053 3408 5476
291 1575 4952 5244 5467 5779
292
293 578
294 1145 1799 5185
295 4685
296 339 866 1601 2389 2474 3427 3977 4040
297 762 5187
298 2163 2274 2685 5990
299
300 477 564 635 1008 1024 1225 1658 1755 2418 2489 3121 3655 4318 5649
301 388 555 572 857 1503 3327 3865 4165 5096 5275 5777
302 4412 4846 5633
303 688 1007 1934 2444 2707 3052 3335
304 1088 5282
305 1363 1432 5487
306 512 530 704 1245 1294 1355 1536 1581 2041 2211 2852 2863 2971 3168 3169 3231 3250 3334 3351 3505 3532 4456 5284
307 340 3040 5961
308 3056 3213 4895 5414
309 786 2116 3297 5729
310 1176 1897 2910 3829 4406 4506 5252
311 347 1383 1444 3474 3576 3691
312 626 1092 2429
313 344 640 797 3153 3665 4408
314 494 868 882 1086 1147 1559 3348 4628 5172 5263 5520 5623
315 418 1234 1304 1405 2033 3209 4448 5002 5795 5838
316 329
317 1429
318
319 344 853 856 2672 3605 4241
320 773 904 2583
321 978 1552 2799 3222
322 397 907 1110 1292 1772 2112 2369 2393 2621 2800 3122 3398 4506 4695 5232 5379 5472
323 372 725 821 1030 1226 1396 2048 2918 5577
324 694 804 881 3448 4165 4901
325 597 1285 1511 1525 1837 2146 3217 3984
326 570 809 909 1089 1105 1309 1377 2007 3044 3155 3818 4632 4732 4757 5296 5913
327 389 391 441 774 1110 1337 1712 1752 1960 3023 3274 3669 5809 5912
328
329 4620
330 1214
331 441 1246 2897 3095 3307 3796
332 808 1536
333 615
334 1360 2814 5796
335 390 405 647 739 997 1035 1094 1124 1399 1448 1512 1977 2693 3170 3286 3825 3835 4128 4977 5400 5406 5456
336 646 1646 1741 2426 2455 2637 2832 2919 3197 3721 4794
337 380 556 641 753 883 1026 2373 5145
338 3756 5950
339 3016
340 1416 1568
341 733 814 1290 1592 1865 3182 3880 4139 5309 5965 5972
342 365 386 1125 1391 1488 1915 2417 3534 4058 5511
343 385 1148 1298 1335 1577 1853 2074 2361 2624 3179 3661 3994 4015 4623 4773 5143
344 536 624 840 1169 2435 2938 3518 4076 4923 5119 5152
345 763 854 1172 1393 1590 1715 1900 3002 3008 3034 4471 5301
346 669 1718 1819 4425 4774 4878 5939
347
348 418 424 482 526 732 907 967 1133 1282 1432 1496 1704 2056 2328 2433 2453 2500 2594 2618 3318 3729 4528 4840 5541 5546 5801
349 416 2591 4237
350 364 410 435 438 466 545 714 792 1123 2728 2853 2946 3529 4629 4997
351 419 962 1372 1413 1620 1769 2024
352 581 700 1019
353 620 782 1418 1456 3303
354 479 831 1277 1695 1739 2287 2640 2687 3135 3335 4627 4795 5863
355 435 458 471 565 619 1162 1517 1700 2054 3651 4865 5253
356 539
357 833 848 1902 3315 3904 4761
358 586 950 1393 3722
359 510 549 590 667 847 855 1001 2419 2504 2671 3751 4049 4259 4838 4906 4997 5061 5431
360 969 981 1189 2450 3953 5215
361 767 1800 2215 3991
362 769 2197 2893 4823
363 860 5127
364 1564 1864 1888 2542 2872 2929 2997
365 368 376 530 671 1657 1877 2277 2441 3247 3535 4033 5399
366 1597 3033 4734
367 1551 1724 1832 1909 2114 2243 3866 4744 4880
368 561 722 758 1227 1255 1306 1665 3241 3470 4726
369 414 551 1275 1516 2758 3023 3373 3549 3560 4228 4281 4302 4530 5131 5155 5193 5315 5440 5682
370 675 721 829 1410 1491 2541
371 1616 3713 4853
372 452 797 1175 1474 1608 1918 3435 4030 4815 5683
373 468 534 1471 1839 1921 2206 2227 2733 2881 3965 4147 4408 4472
374 438 703 1011 1210 1238 1664 2695 2752 3159
375 622 1073 3652
376 1148 2641 4496
377 456 1288 2283 3644
378 548 620 1356 2021 2163 2976 4015
379 959 2698
380 517 798 1067 2742 3784 5616 5920
381 1128 1629 5060 5718
382 4430 5107
383 1166 2031 5263
384 3093
385 581 1520
386 1186 1292 1711 2311 2835 2849 2932 4031 4220
387 428 1743
388 404 446 684 2658 4114 5479
389 454 802 803 1645
390 1940 2242 2504 3327 3593 4622
391 818 850 1402 1493 1546 2428 2972 3096 3247 3371 4567 5093 5730
392 678 3622
393 492 995 1026 1031 1851 1895 2102 2413 3284 3806 4729
394 805 845 1285 1447 1830 3260 5841
395 781 807
396 787 800 870 1473 2160 2210 2402 2648 2674 2902 3569 3682 3896 5042 5436 5859
397 470 1341 2933
398
399 963 2964 3936
400
401 575 732 1010 1361 1434 1927 1956 3326 4011 4098 4282 4940 5762
402 442 2058
403 1282 2752 2838 4042 4342 4416 5052 5520
404 2060 3809 4857
405 1089
406 673 708 1644 2457 3119 4459 5848
407 3941
408 1416 2206 3272 4202
409 770 1220 1828 2238 3938 4315 5756
410 812 1468 1479 1542 2680 2725 3110 3153 3501 4618 4799 4904 4996 5020 5484 5488 5673
411 431 703 1782 1887 2424 2544 2673 2786 3132 3561
412 659 1100 1289 2667 3118 3841 4321
413 489 528 633 728 929 1382 2006 3439 4170 4261 4465 5583
414
415 847 1198 1777 3557 3733 4163 4995 5145
416 518 655 665 694 747 871 894 1310 1461 2059 2513 3313 3456 3712 4062 4295 4449 5334
417 4614 5196
418 469 575 609 1540 2351 3677 4051 4348 4433 4956
419 1978 5245
420 2367 4091 5116
421 1362 1966 2138 2170 2727 3613 4182 4830
422 424 630 832 2442 4300 4824 5110 5121 5286
423 766 1908
424 600 676 1079 1240 1916 2605 3446 3566 4429 4825 5241 5883
425 1093 1208 1245 1597 2551 3589
426
427 448 695 832 1183 2191 2578 2664 2765 4123
428 1155 1809 2400 3362 4346
429
430 629 937 1073 1248 1726 1728 2448 3114 3199
431 587 2920 3541 3940 5873
432 501 675 1037 1039 1543 1859 3440 3619 3769 3987 5458 5597
433 806 1052 1222 1938 2628 4344 4377
434 437 734 834 855 1739 2118 2240 3358 3638 5103
435 500 651 911 1081 1232 1253 1455 1721 2150 2189 2764 3328 4395 4733 5002 5196
436 1185 4167 4893 5155 5521
437
438 505 1800 2898 3947 4498
439
440 450 606 762 1041 1280 1510 1951 2232 2331 2782 3172 4355 5558
441 1180 1537 2590 4054 4864 5642
442 1075 2319 3287 4227
443 2818 3489 4363 4681 5072 5853
444
445 902 1849 2137 3039 3906 4400 5975
446 2222
447 725 1871 3681 4075
448 578 586 1970 2060 2610 2817 3100 3875 4306 5141
449 919 3391 4809 4865
450 488 644 970 1258 1459 2253 2724 4009 4769 5855
451 1320 4946
452 1058 1638 2189 3131 4287 5661
453 754 783 953 1532 1682 1815 2043 3180 3477 4262 5209 5454 5953
454
455 1006 1411 1509 4831
456 1624 3084
457 1512
458 1049 1300 1913 2652 5431
459 946
460 1230 1703 1711 2124 2297
461
462 2344 3837 4999
463 1668 4536
464 2120
465 890 2071 3366 3999
466 1944 3082
467 1100
468 1965 2841 4954 5475
469 760
470 1013 1481 3375
471 481 713 931 1173 1923 2034 2536 2813 3942 4511 4747 5034 5411 5671 5812
472 1070
473
474 562 1119 1766 1809 1820 1959 2377 2399 2612 3574 3817 5142
475 2225
476 546 1130 1385 1948 1968 2409 2730 3032 3036 4130 5647
477 945 1825 2420 2478
478 826 1862 2313 4889 5946
479 1969 2713 5523
480 914 1855 1918 1989 2383 2722 4121 4776 4912 5674 5981
481 2619 4297 5223 5785
482 2025
483 2523 2726
484 1035 1961 3620 4180 4965
485 5118
486
487 906 974 2482 3007 4176 4513 5066 5402
488 490 1454 1683 1730 2485 2562 3105
489 2480 3515
490 1006 1163 1359 1421 2314 2788 5079 5880
491 2388 2470 2995 3209 5251
492 557 1221 2009 3298 4174 4183 4566 5561
493 1522 3325 3606 4461
494 820 5239
495 514 563 717 771 1527 2466 2678 3305 5744 5765 5934 5970
496 1351 3006 3296
497 503 1068 1168 3131 4667
498 1485 2316 2406 3484 5653 5821
499
500 638 972 1000 1583 1627 3063 3712 4335 5075
501 554 571
502 1126 1992 3449
503 758 1493 2856 3625 4041 4464 5198
504 895 1247 1776 3285 4021 5540
505 1122 1222 1922 2719 3021 3060 3962 4151 4157 4439 4931 5564
506 2089 5627 5903
507 2673 5629
508 1905 2282
509 1648
510 549 1048 1244 1813 4981 5201
511 1842 2947 3091 5657
512
513 990 1673 2155 4969
514 1028 1208 1983 3361 3439 5354
515 548 588 632 649 765 1671 1748 1979 2143 3049 3184 3374 3675 4300 5837
516 573 1795 2019 2267 3758 4356 4685
517 986 1367 1460 4163
518 564 712 783 1029 1538 2486 4069 4604 5396 5470
519 948 1569 1684 2567 2683 2751 4627 5532
520 659 1691 5024
521 1229 2220
522 971 2792
523 2679 4798
524 3289 3428 4437 5963
525 601
526 1237
527 893 2980 3826 3861
528 1735
529 533 642 2986 3776 4330 4528
530 1146
531 736 740 2900 3270 3591 4072
532 4066
533 1121 1386 2037 2870 3341 3571 3729 5099
534 695
535 1312 3066 3323 3923
536 2885 3419 3668 3959
537 2119 3293 3935 5349
538 1047 1842 2912 4427 5311
539 1365 1788 2509 3001 3542 4138 5453
540 731 2036 2148
541 1526
542 1023 2829
543 1039
544 1500 1693 2194 2662 2906 3596 3698 4312 4840 5313
545
546 652 679 1885 3282 3850 4604 5065 5728
547 1324 1480 1572 1717 2862 2887 3423
548 637 1442 2009 2223 2368 2535 2633 3303 4720 4974 5907
549 607 1047 1539 1628 1689 1702 1976 2196 2360 3001 3482 4169
550 633 714 1300 2195 3236 3276 3471 3530 3710 4241 4772 5319 5989
551
552 1071 1342 3513 4187
553 2233 3791 3802
554 1139 1505 1619 2675 2981 4146 4446 5709
555 727 793 898 961 2585 4108
556 1201 2384 5915
557 676 928 1214 1533 1848 1963 3094 3502 4082 5023 5827 5899
558 3126
559 560 1202 1403 1850 1971 2282 2497 2646 4106 4863
560 1652 2011 2730 5943
561 1960 3876
562 599 679 768 1267 1838 1985 3783
563
564 706 1066 1434
565 2886 3548
566 672 1605 2253 2538 3469 4580 4696 4871 5626 5819
567 614 2255 3432 4418
568 715 794 5771
569 817 899 3796
570 3302
571 1151 1293 1629
572
573 1423 2214
574
575 3054 3741 5430
576 1109 1741 1804 2248 4648
577 1796 1808 1932
578 645 678 1647 2034 2362
579 707 775 1345 1609 1982 3911 3995 4895 5692 5818
580 4961 5519
581 989 2823 3522 4735
582
583 3073 4653 4756
584 1398 2397 3551 4041
585 3973
586 1286 1384 1390 1579 2357 3306 4368
587 602 750 2422 3579 3815 4425
588 1967 2099 3968
589 1479 5288
590 1283
591 716 1061 1194 1647 1840 1876 1975 3117 4323 4770
592 4104
593 595 1483 3134
594 603 856 1207 1296 1315 2915
595 604 1368 3910
596
597 650 950 1069 1513 2332 2753 3257 3917 4656 4731
598 999 3072 3129
599 1217 1875 3086 4082 5164 5295
600 786 4047
601 686 810 1051 1839 4433 5959
602 715 773 857 1565 1620 2692 2952 3080 4329 4479
603 1624 2174 2279 2412 2806 5917 5998
604 1428 1666 1911 2020 2171 2739 3252 4608 5178
605 1072 1202 3049 3445
606 3915 4594
607 608 731 1813 3107 3364 3847 3925 4316
608 618 1591 3999 4499 5781
609 638 692 909 1135 1478 2687 3065 4886 4995
610 611 1144 2114
611 1131 1216 2406 5580
612 830 1273 1548 1994 2324 2517 2789 4689 4873 5769
613 879
614 1032 1757 4005 4274
615 948 1156 1693 3562 3983 5010 5211
616 927 968 1295 1571 2063
617 3782 4324 5916
618 994
619 767 1065 2594 2623 2762 3824 4055 5428 5511
620 2631 2801 4929
621 931 1327 2532 2629 5247
622 844 2914 3516 4654
623 4580 4724 4832 5886
624 2569
625 1611
626 1504 1816 1944 3104 3165
627 1421
628 5927
629 2082
630 1221 1364 1823 3092
631 661 1003 1610 2660 2804 4254 4727 4796 5072
632 5265
633 1043 1639
634 875 1308 1437 1945 2289 2477 3256 5185
635 1082 4039
636 1191 1471 1995 2053 2360 2787 2956 4249 4585 5120 5816
637 880 2491
638 2897 4828
639 746 1931 2072
640 2494 2499 2674 3167 4574 4643 5637
641 1531 2672 3121 3800 3934 4243 5206
642 2380 4317
643 1319
644 791 823 1004 1099 1352 1640 2301 2511 3375 3473 3823 5459 5664 5676 5792
645 1114 5156 5228
646 965 1332 1485 3892
647
648 772 894 1176 1703 1779 1847 2025 2245 3043 3928 5405
649 1778 2536 3290 3785 4660 4787
650
651 1204 4549
652 2374 2578 2798 2918 4434 5171
653 4546
654
655 1163 2348 4767
656 1537 2178 3897
657 1248 3887
658 670 891 4055
659 1959
660 3337 5764
661
662 1177 2026 3052 3336 3440 4092 5483 5940
663 2087 2108
664
665 889 1316 4379 4958
666 834 863 923 982 1025 1433 1801 1821 2454 2556 3834 3945 5860 5902
667 851 993 1677 2109 3424 5444
668 743 1231 1874 1893 2811 2945 3309 3586 3716 3745 3803 4467 4819
669 2090 4547 5285 5767
670 1767 2181 2911 3564
671 919 1031 2449 3089 3821 5113
672 757 941 2464 3535
673 771 920 2750 3125 4071 5061 5665
674 1349 1602 4497
675 1678
676 1762 2022 2192 2343
677
678 1351
679 1585
680 864 1573 3626 4181 4771
681 1359 2358 3509 4209 4228
682 2431 3474
683 1045 3239
684 1138 1544 2341 2501 3364 3797 4452 4634
685
686 1553 1560 1812 2967 3058 4198 4783 5342
687 1614
688 828 1132 1417 2840 2912 3162 3652 3737 5142
689 770 920 1212 1566 1699 2295 2731 4738 5163 5192
690 819 4169 5189
691 751 804 839 1457 1507 2834 3117 4004 4387
692 2814 2878 4767
693 1060 1109 4253
694 4999
695 1397
696 917 1819 2116 3061
697 1381 1736 3736
698
699 2016 3132 3731
700 726 1257 1831 2279
701 1402 5320
702 1312 1395 3318 4401 5734
703 1420 2113 2166 3248 3488 5249
704 897 1038 1327 1358 2705 5550
705 3206
706 1318 1790 2572 4701
707 3407
708 3178
709
710
711 2162
712
713 2521
714
715 945 1389 1578 1829 2352 2461 3550 4021
716
717 1036 1244 1466 1827 2071 4986 5230 5980
718 1343 3183 5092
719 765 1076 1111 4783 5378
720 1313 1506 2517 4078 5205
721 1019 3669 5659
722 1927 2523 2570 2587 2808 2882 4512 4551 5708
723 2386 2747
724 3766 3919 5287
725 893 980 4664 5539
726 2088 3321 5111 5280
727 4359
728
729 3963
730 3176 3815 5866
731
732 2031
733
734 793 885 1014 1108 1157 1186 1496 1615 2812 3038 3780 4110 4960 5647
735
736 2390 3397 4955 5747
737 815 1768 2441 2785 2905 3226
738 2199 3750
739 1596 1847 1939 1947 2223 2298 2400 2732 3623 4686 5464 5600
740 1167 3203 3697
741
742 1239 2519 2530 4107 4301 4315 5637
743 1037 2105 3864
744 835 1779 4693
745
746 1574 1649
747 2283 3757
748 903 922 934 2548 3084 3779 4269 5067
749 2895 5523
750 5656
751 1723
752 1289 1344 4099 5186
753 952 1415 1676 1818 2233 3309 3772 3990 4540
754 759 823 1077 1095 1254 1276 2500 2896 3019 3174 3483 4314 5320 5527 5673
755 2154 2799 3388
756 838 1030 1065 1127 1331 1407 1577 1710 1715 2591 3188 3263 3512 3613 5181 5546
757 2013 3218 5415 5905
758 846 1314 1430 2329 2963 3177
759 1387 2135 2373 3376
760 794 1872 2318 3409
761 1056 3148 4590 4677 5224 5332
762 1015
763 1093 3894
764 2619 3830 4443 5213
765 1589 1626 2154 3019 5864
766 1561 1600 1852 1878 4089 4759
767 842
768 1018 1311 1374 1903 2305 3462 3948 4918 5011 5468
769 4980
770
771 960 2816
772 1502 1595 1817 2195
773 860 1195 2405 2829
774 1745 2396 2698 3828
775
776 2257 2269 3609 5277
777 1594 3047
778 851 1670 2395 3897 3918 4474
779 936 1309 1760 2306 2566 4217 5129 5428 5668 5672
780 1080 1507 1681 1990 2344 2604 3328 3384 3601 5740 5779
781 1846
782 822 932 3426
783
784 3685 5845
785 2493
786 1498
787 2058
788
789 1442 1797 1865 2532 2640 2708 2747 3013 5749
790 1087 1264 1694 3262
791
792 2737
793 1579 4867
794 806 5824
795 2303 2348 2892 2988 3018 3150 3208 3575 4002 4968
796 3508 3964
797 5429
798 1379 3608 4327
799 2919 3275 3526 3615
800 924 1357 1926 2420 2694 3304 3499 4592 5786
801 2839 4621
802 809 3659 4122
803 929 2002 3365
804
805 852 2387 4716
806 1055 1335 1856 3322
807 1044 1874 2620 3816
808 999
809 892 3363 4328 4694 4817
810 840 2726 2844 3227
811 5317
812 1394 2275 3571 3859 4658 5621
813 990 2215 2834 3623 5337
814 4581
815 1120 1539 2721
816 1224 1320 2305 4023 5490
817
818 1786 2261 3048 5963
819
820 3615 4578
821
822
823 953 3602
824 5132
825 5775
826 1870 3305
827 2185 4489
828 1371 1547 1963 3901 4032 4673
829 864 2647 3144
830 2469 2734 2770 3140
831 5842
832 2319 2815
833 1621 3759
834 1848 2356 2686 3173 3601 3879 4289 4303 5663
835 1906
836 1336
837 1126 1438 1460 1841 3673
838 1863 2280 2683 5447
839 1497 2024 2859 3039 4210
840 5225
841 1220 1952 2098 2824 3014 4740 4947
842 892
843 1340 2330 2884 4093 4329 5736 5773
844 4525 4675
845 1024 1328 5674
846 1400 2158 3451 5675
847 2929 4375 4414 4513 5676
848 2040
849 5966
850 1907
851 1197 1465 1833 1936 1972 3164 3260 4386
852 2450
853 1155 1388 3212 4309
854
855 2198 4504 4704
856 1567 1704 2452 2998 5115
857 2064 2703 3837
858 2580 3253 3481 4498 5745
859 2046 4286
860 1004 1140 1619 2321 2606 4534 5259 5486
861 1841 2369 4423 4959 5485 5543 5612 5634 5895
862 951 975 1375 1727 1859 2096 3106 3709 4318
863 1707 2103 3341
864 1674 3182
865 2076 2361 5860
866 1765
867 1151 1166 1467 3325 4439
868 1193
869 1143 3369 4460
870 1329 1414 1427 4096 5292 5382
871
872 2681
873 4605
874 1541 3207 3345
875 1120 1160 1337 1376 1589 2018 2171 2941 4332
876 1596 2300 3383 3799 4003
877 1361 4170 5039
878 923 3928
879 1189 1339 2104 3929 5084
880 5306
881 2188
882 2133 2502
883
884
885 4570 5598
886 912 1179 1223 1380 1776 1877 3012 3108 3993 4944 5028
887 1168 1372 1872 2483 3431 3853 4256 4378 4857 5137 5533 5624 5788
888 2818 3370 4007 4305 4466 5188
889 3331
890 1048 2442 2720 3408 5380
891 1055 1514 5943
892 1692 1860 2382 2790 3459
893 1342 2791 3312 3326 3606 5444
894
895 5829
896 1203 1418 3442 4248
897
898 1698 1853 3682 4048
899 2309
900 2376 3101
901 4380
902 3912
903 1891 2049 2558 4373
904
905 1133 1716 2404 2889 3146 4657 5925 5928
906 5315
907 4766
908 1615 3255 5355 5974
909 961 1550 1718 3306 3983 4367 4574 4591 5744
910 5996
911 928 1125 1867 2164 2774
912 927 1290 1472 2794 2807 5635
913 2402 3232
914 1431 3283 3378 3752 5348
915
916 1714 2577 3095
917 1820 2162 2969 3004 3443 3650 5336
918 924
919 1391 2190 2607 3882 4291
920 1137 2459 2772
921 972 1020 2142 2301 3563 4929
922 4345 4549 5091
923 3770
924 982 1561 1780 2390 3700
925 1660 2718 3932 4721
926 1683 2403 3657 5996
927 1348 1770 3478
928
929 3191
930 5416
931 1436 1642 1763 1914 2166 2333 2599 2935 5083 5475
932 2035 3773 4117
933
934 1083 1586 2260 2273 3256 4231 5083
935 2159 3940 4451 4705 5726
936
937 1005 1888 2391 2815
938 1075 1153 2012 3285
939 1529 2534 5488
940 1321 2756
941 4706
942 5902
943 998 1053 1611 2035 2735 2779 5698
944 1242 1472 1477 1838 2050 3151 3597 4106 4143 4990 5226
945 1588 2128
946 2332 2831 2850 5026 5922
947 3249 5238
948 1438 3151 4287
949
950 2306 3438 5599
951 5408
952 1103
953 1213 1378 2176 2547 2589 2601 2989 3476 3813 4704 4852
954 2519 3819
955
956 1002 1178 1881 3913 5190
957 2003 2236 2669 2877 3759 4261 4625 5235 5245 5280 5506
958 2572 3611 4062 4307
959 992 2328 2611 3070 3400 5135 5321 5497
960
961 994 1084 1452 2587 5213 5813
962 1275 2053 5206
963 4136
964 5424
965 1530 3502 3824 5753
966 1092
967 2554
968 2638
969 1138 1603
970 4550 5555
971 5426
972 1142 2421 3593 4887
973 1714 1784 1955 1991 2176 3989 4256
974 1296 4499 4736 5918
975 1794
976 1618 1713 1896 3030 3900
977 1740
978 2108 2843 3565 4892 4989
979 4794
980 1171 1745 4508
981 1928
982
983 1057 1298
984 1389 1426 1558 2198 4125 5695
985 1011 1823 2149 2510 2723 3171 5846
986 1977 3205 3537 5646
987 1459 2088 3774 4819
988
989 5207
990 2346 5281
991 4680
992 5112
993
994 5154
995
996 2976 3204
997 1750
998 1635 2448
999 2183 4928 5123
1000 1060 1119 2212
1001 2581
1002 2743 3181 3234 3609 3834
1003 3395 5503
1004 2125
1005 1481 2636 2661 3397 4421
1006 1576 2272 3185
1007 5550
1008
1009
1010 2903
1011
1012
1013 1090 1675 4353 5791
1014 1618 2781
1015 1164 2848
1016 2077
1017 1302 2960 5015
1018 1033 1174 3201 4980
1019
1020
1021 1238 2151 2841 3743 3884 5124 5291 5563
1022 2842 3156 3276 3553 5217
1023 3040
1024
1025 4407
1026
1027 3547
1028 2550 4900 5080
1029 1136 2896 3384
1030 1154 1190 1989 2492
1031
1032 1046 4655 5294
1033 3578
1034
1035 4711
1036
1037
1038 4081 4586
1039 1730
1040 1129 1462 1946 2335 2727 3577 5840
1041
1042 2940 4910
1043 1495 1746 2264 2528 3008 4252 4432
1044 1723 2514 2711 3851 4431 5908
1045 1334 1926 2050 3024
1046 1470 2437
1047 2061 3732
1048 2209 2555 2925
1049 1720 2846
1050 1237 1753 1796 4230
1051 2257 4047 4529
1052 1317 1482 1518 4112 5987
1053 1357 1566 4234
1054 2146
1055
1056 1209 1347 2067 2605 4372 5646
1057
1058
1059 1159 1311 1366 3585
1060 3656 4352 5677
1061 1373 1844 2107 3079 3293 3614 4268 4279 4966 5238 5373 5589 5834
1062 1400 1844
1063 1199 3721
1064 2806
1065 5553
1066 3764
1067 1951 5877
1068 1288
1069 1281 1727 1811 2251 4963 5251 5940
1070
1071 1585
1072 1103 1341 1656 1812 2617 3976 4182 4984
1073 1266 2649
1074 3064 4063
1075
1076
1077
1078 1771
1079
1080 1792 2936
1081 3192 4492
1082 1396 5156
1083 1229 2729 3450 4210 4461 5486 5617
1084 2033 3750 4541
1085 1528 1988 2209 2396 3538 4578
1086 3996
1087 2370 2385 3330 4212 4751
1088 2857
1089 3559 5782
1090 1307 1508 1607 1614 2949 2998 3141 3670 4130 4202 4208 4519 4924
1091 3079
1092 3480 4501
1093
1094 1140 1157 1294 2042 2340 2995 3354 3429 5086
1095 1252 1908 1925 2527 3366
1096 1254
1097 2911 3524 3637 3930 4077 4463 5126
1098 2128 4365
1099 1598 1719 1884 3220 4275 5585
1100 4308
1101 3011
1102 1902 2554
1103 2097 4351
1104 2432
1105
1106
1107 2093
1108 5459 5714
1109
1110 2715
1111 1236 3434
1112 3339
1113 1422 1675 2145 3866 5534 5547
1114 2136 3299 5891
1115 2286 2575 2685 4229
1116
1117 3719
1118 4635 4649
1119 2205 3072 4886 5231 5938
1120 1177 1570
1121
1122 3918 5215
1123 1936 2293 2819 3436 3930 5417
1124 2679 3964 4786
1125 1258 3757 4245
1126 2767
1127 1770 1909
1128 1156 1336 2096 2230 2971 5645
1129 2015 5846
1130 2563 5925
1131 4016 4283
1132 2216 2457
1133 5448
1134 2512 4179
1135 2467 4292
1136 1356 1731 2177
1137 2353 4925 5079 5694
1138
1139 2836 5572
1140 2127
1141 5360
1142 5064
1143 1152 1461
1144 1376 1775 3701 4369
1145 1272 1591 1661 3165 5056
1146 1375
1147 1271 1679 2276 2827 2968 4012 4927
1148 1997 2948
1149
1150
1151 1158 1737 1834 1987 5483
1152 1428 1980 2084 2843 3406 4349
1153 4647 4877
1154 4009
1155 1255 3914
1156 3007 3831 4515
1157 3761
1158 1295 3130
1159
1160 1211 1246 1250 1522 2280 2320 2754 3508 3646 3678
1161 1701 1921 2830 4357 5132
1162
1163 3466 4546 5178
1164 1733 4434 4440
1165
1166 1975 2553 2630 2871 2884 4135 5641
1167
1168 3711
1169 1555
1170
1171 3739 5766
1172 4639
1173 1216
1174 1424 3675 3723
1175 1676 1990 4544
1176 2084 3569
1177 1360
1178
1179 2705 3228
1180 3722 5123
1181 1200 1362 1834 1836 2029 2840 3133 3444
1182
1183
1184 5573
1185 2443
1186 1331 2087 2713 2991 4793 4870
1187
1188 2768 2835
1189
1190 5941
1191 5613
1192 3645 3821
1193 1613 2586 3310
1194
1195 1453
1196 5992
1197 1265 1338 1570 2294 3352 3506 3926 4109 5491
1198 1732
1199 1934 2407 5191
1200 1777 1924 4101
1201 2514 5541
1202 2740
1203 1674 1690 2203 2462 2910 3719 4185 4617
1204 1486 2231 5772 5973
1205 4936
1206 5568
1207 4173
1208 1995 2026 2227 2336 3435 3734
1209
1210 2244
1211 2524
1212 4166
1213 1660 2487 3221 3236
1214 1322
1215
1216 4457 4560 5094 5097
1217 3608 3985 5857
1218 2702
1219
1220 1702 4027 5513
1221 2987 3297
1222
1223 1584 2481 3120 3988
1224 3683
1225 1410 1899 3050 4410 5394 5688
1226 1791 4358 5273 5981
1227 5266
1228
1229 4856
1230 1804 2959 3051 3155 3225 4230
1231 2460 2898
1232
1233 1235 1433 2657 2788 5567
1234 2430 4428 4836
1235 3185 4669
1236 2736 5924
1237 1370 2822 4596 5346 5796
1238 1788
1239 1640
1240
1241 2764 4491 5525
1242 2428 2564 4394 5074
1243 4780
1244 3353 4038 5035 5054 5113
1245 2626 5654
1246 1380 1408 2631 2800 2961 3088 3720 5606
1247 4894
1248
1249 4971
1250 1911 4050
1251 1879
1252
1253 2879 5104
1254 3431 5864
1255 2936 5235
1256 1422 4124
1257 1829 5544
1258 3888
1259
1260 1979 2850 5594 5648
1261
1262 4640
1263 2916
1264 3136
1265 1325 1850 3944
1266 1582 1991 4666 4891 5051
1267 1530 1637 1697 4791
1268 1318 4174
1269 4978
1270 1439 4466
1271 1383 1919 1981 2422 3598 4192 4523 4640 5339 5960
1272
1273 3189 4444
1274 4879 5300
1275
1276 1886 2614 2714 3777 4001 5179
1277 1307 1406 1922 2151 3056 3272 4139 5560
1278
1279 2182 3344 3594 4586
1280 5044
1281 2584 4599
1282 3684 4763
1283
1284 4068 4080 4665
1285 1540 1849 2526
1286 1797 2122 2281 3237
1287 1444 2316
1288 1950
1289 1477 3230 5545
1290 4594
1291 1876
1292 4969 5442
1293 2935 3662 5758
1294 1791 1815 1871 2020 3249 4248 4352 5380
1295 3076
1296 1764 2028 2066 2377 3761
1297 2259 3316 3923 5713
1298 3211
1299 2038
1300 1305 4061
1301
1302 3389
1303 5411
1304 2475 2694 2745 2784 3291
1305
1306 2636 2783 3545
1307 3359 4772
1308 1737 3080 4087 4827
1309
1310
1311 1935 2081 4718
1312 2323 3300 3365
1313
1314
1315 3069
1316 3692 3986 4435 5013
1317
1318 4136 4253
1319 1928 2237 5370
1320 4276
1321 1789 3112 3479
1322
1323 3495 4765
1324 3596 3942 3958
1325
1326 1333 2974
1327
1328 1606
1329 2083 2688 5803
1330
1331 3355 4145
1332 2320 4768 5662
1333 1652 2860 3157 3271 4128 5755
1334 1954
1335 3995
1336
1337 1903
1338 3340
1339 1575 5136
1340
1341 3628 5757
1342 1694
1343 5624
1344
1345 1801 3269 5543
1346 3102
1347
1348 1353 2229 2434 3728
1349 2432
1350 2372 4359 4442
1351
1352 1354 1773 3420 3576 3732 5539
1353 1531 1687 2515 3932
1354 2136
1355 1401
1356 2988
1357 2622 3533 4052 4811 5158
1358 4529 5585 5737
1359 4335
1360 3422
1361 4477
1362 2740 5285
1363 1525 1534 5524 5644 5691
1364 1513
1365 2951 4748
1366
1367 1447 1795 3242 4598
1368 4504
1369 1484 1655 2433 3514 4810
1370 1426 1487 1492 2334 2367 2838 2889 3683 3921 4000 4284 4500 4525 5009
1371 4443
1372 1762 1843
1373 2699 3074 4575 5630
1374
1375
1376 1554 1854 2126 3190
1377 2307 3374 4440 4522
1378 2147 4296
1379 2236 4720
1380 1661 3742 5423
1381
1382 1441 1783 2192 3302
1383 1749 4326 5323
1384
1385
1386 2453 4265
1387 1412
1388
1389 2418 2622
1390 5240
1391 1557 4512 4558
1392
1393 1732 1885 3211 3933
1394 4556
1395
1396 4994
1397
1398 1688
1399
1400 2471 5090
1401 3625 3881
1402 2997 5675
1403
1404 2985 3510 4961
1405 1843 2275 2325 3490 3827 5194
1406 2175
1407
1408 1664
1409 1651 3709
1410 3258
1411 1920 5534
1412 1685 1750 1773 1937 3378 3399 3836 5324
1413 2118
1414
1415 2508
1416 5596
1417
1418 1553 2385 2489 3544
1419 1425 1857 1930 2460 4654 5276 5869
1420
1421 2449 4162
1422 1463
1423
1424 5036 5049
1425
1426 2700 4431
1427 2403 3875 5965
1428 2258 2946 3733 3807 3907
1429 1483 2381
1430 3329
1431 2077 2568 3575 4730 4883 4996 5216 5632
1432 2111
1433
1434 1494 1587 2144
1435
1436 2647
1437 5063
1438 1699 2018
1439
1440
1441
1442
1443 2473
1444 5641
1445 3059 4958
1446 3392 4401 4992
1447
1448 2337 4589
1449 1878 2866 3244 4583 5526
1450 1604 1893 2886 3212 5232
1451 3727
1452
1453 1515
1454 5941
1455 1857 4153
1456 5304
1457
1458 4141
1459 5644
1460 5859
1461 2466 5770
1462 2393 2802 4067 5900
1463 2174 2771 3879 5227 5264 5904
1464 2311 3149 3230 3812
1465 3109 5919
1466
1467 1587
1468
1469 2744 5415
1470 3068
1471 3106
1472
1473 1696 2490 5151
1474 2748 3541 3986 4126
1475 1767 2040 3658
1476 3469 3699 3851 3895
1477 4976
1478 3241 3981 4398 5340
1479 2546 3025 3323
1480 5095
1481 1973 2483
1482 3194
1483
1484
1485 1568 3797
1486 4124 4219
1487
1488 2226 2551 2809 2901 5022 5760 5807
1489 3621 4384 5374
1490
1491
1492 3967
1493 2001 2161 2649 5246
1494 2244 5308
1495 3251
1496 2492 4260 4909 4928
1497 3094 3584 3610 4463 4869 5977
1498
1499 1886 2039 3491 4402 5684
1500 1733 5986
1501 4923 5054
1502 1523 2927 4791
1503
1504 2331 5147 5861
1505
1506 2219 4056 4240
1507
1508 4411
1509 3515 3749 4972
1510
1511 1691 1696 3033 4250 5494
1512 2623 3220
1513 1729 2778 3555 4882 5875
1514
1515 1774 3746 3829
1516 2847 2880 4229
1517
1518
1519 5036
1520 1654 2550 4940
1521 1752 1824 1933 2329 2615 3215 4503
1522 2004 2653
1523 1679 2099 4515
1524 2156 4149 4733 4801
1525
1526
1527 1966 2365 2533 3081 3089 3580
1528 5704
1529 2401 3632 5046 5157
1530 2338 2571 3283
1531 1659
1532 5906
1533 4902
1534 1722 3139 4492
1535 1656 1821 3634 4063 4487
1536
1537 1826 2684 4293
1538 1701
1539 4633
1540 1641 1761 1998 4790
1541 2144 2962 4225
1542 4897
1543
1544 2412 2473 2552 4863
1545 1546 3791 3958 5078
1546 1744 2802 3210
1547
1548 4032
1549 3407
1550 2125 2378 3658
1551 2425 4276 5672 5681
1552 2571 3442 3594
1553 4019 4921
1554 1632 2388 3128
1555 2173 3099
1556 2256 5013 5606
1557 2711 5939
1558 2891 4749
1559 2977
1560 3583 4341
1561
1562
1563 2291 2745 3376 4475 5139 5356
1564
1565 3278 5663
1566 1729 2510
1567 1824 5037 5358
1568 1609
1569
1570 3073 3196
1571 1980 4010
1572 5076
1573 1637 1931
1574
1575
1576 3740 4347 5970
1577 3631
1578
1579 2810 2870 3772 3950 5153 5365 5701
1580 2254 2539 2582 3506 5150 5947
1581 4814
1582 1953
1583 3042
1584 3081
1585 3886
1586 2219 3245
1587 3614
1588 2689
1589
1590 2115 2131 5050 5888
1591 2913 4110
1592 5888
1593
1594 3314 4289
1595 2043 2875 2883 3642 4849
1596 2761 5000
1597
1598 2413
1599 4937 5456
1600 1634 3390 4238 4742
1601 2445 3785
1602 3368
1603 2668 2765 2920 3816 4509 4904
1604 4911
1605
1606
1607 4593 5043 5388
1608 1748
1609
1610
1611 2345 3333
1612 2104 3554
1613 5360
1614 2389 2421 3035 3090 4422 4778
1615
1616 2008 4273 4313 4656
1617 1826 4201 4403 5120
1618 1817
1619 1653 3429
1620 2472 3746 5086
1621 5040
1622 4199 4936 4948
1623 2153 3370 3391
1624 1763 2725
1625
1626 1636 2241 3369 5269
1627 1643 5167
1628
1629
1630 1726 1868 3739 4790 5536
1631 3028 4105 4708
1632 5595
1633
1634
1635 1929 2292 3320
1636
1637 4670 5333
1638
1639 4134
1640 1707
1641 2134 4564
1642 2337 2339 2593 2959 3360 3382 3961 4802 5700
1643
1644
1645
1646 1758 1866 1965 2529 3667 3913 5691
1647
1648
1649 1880 3016 4582
1650 1978 5221
1651 3465
1652 2302 2925 2957 3630 4376 5667
1653
1654 2165 3413
1655 4260
1656 1759 5716
1657
1658 3638
1659 5413
1660 3387 4805
1661 1692
1662 3943
1663 2996
1664 1706 2583 2983 5882
1665 4885 5345
1666 3695 3969
1667 3164
1668 4151
1669 4935 5176
1670 2152 2190
1671 2073
1672 1946 2810 3361 3945 5627
1673
1674
1675 2196 4152 4854
1676 1772 2005 4710
1677 2330 4362
1678 1798 1810 2073
1679 4785
1680 3029 3527 3795
1681 2991
1682 2072 3803 3971 4566
1683 3393 5495
1684 2090 2443
1685
1686 3208
1687 2350
1688 2797 3351
1689 2783
1690
1691 1734 2972 3141 3827 4378
1692 4456 5530
1693 2180 2794 3639 5769
1694 3588 5746
1695
1696 1917 2067 2666 3034 4309
1697 5997
1698
1699 3645
1700 2081
1701
1702 1969 2191 3355 4147
1703 2045 2247 2334 2564 3026 3409 3472 4083 4222
1704 2775 3457
1705
1706
1707 4132 4459 5289
1708 3020 4131
1709 2639 4763
1710 2718 4226
1711 2246 4007 4609
1712
1713
1714 2094 3381 4676 5144
1715 2697 2909 4624 5261
1716
1717
1718
1719 1973 5442
1720 3014 5367
1721 2069 2248 3858 4818 5102 5423 5800
1722
1723 1780 2169 2580
1724 3513 4365 5650
1725 2263 2398 3547 3565 5319 5602
1726
1727 3936
1728 5930
1729 2062 2242 2507 3319 5331
1730 2440 3466 4932
1731
1732
1733 2259 3115 3454 4044 5281 5507 5509
1734
1735 2651 3756 5053 5775
1736 2681 2826 2908
1737
1738
1739 2265 2352 2488
1740 3446
1741
1742 3417 4983
1743
1744 2051
1745
1746
1747
1748 5230 5679
1749
1750
1751 1967
1752 2122 2371 3269
1753 3137 4224
1754
1755 2079 2208 2481 2709 2738 3313 3621 4074
1756 2293 4211 5005 5200
1757 2852 3595
1758 2217 3831
1759 4223
1760 2070 4073
1761 2785 5093 5225
1762 2865 4328 5957
1763 4675
1764
1765 3793
1766 2296 2899
1767 2439 3075 3258
1768 3841 4045 4581
1769
1770
1771 1831 1930 2057 2295
1772 4793 5756
1773 2131
1774 1894 3321
1775 1858 3619 3977 4545
1776 2522 2617 2675 3251 4216 4509 5105
1777
1778
1779 2399
1780
1781 2696 4060 5633 5868 5983
1782 2391
1783 5194
1784
1785 3122 4096 5385 5390
1786
1787 2411 3254 4734
1788 3279 4158 4373
1789 3749 5239
1790
1791 5313
1792 5778
1793 3447 4043 4348 5897
1794 2079 5172
1795 2736 5109 5551 5972
1796 2773 3521 4569
1797 3677
1798 2016 4161 5643
1799 2273 5948
1800 1866 2600
1801 4159 5118
1802 2129 5535
1803 4608
1804
1805 4689
1806 2468 2543
1807 2823
1808 2888 5666
1809 2501
1810 1873
1811 1904 2809
1812 4090
1813 5351
1814
1815 3281
1816 3890
1817 3473 5710
1818
1819 4564 4875 5348
1820 4609
1821 2143 2953
1822
1823 3504
1824
1825 4336
1826 1846
1827
1828 3181 4803
1829 4910
1830
1831
1832
1833
1834 2284 2650 3468 4642
1835
1836
1837 3468 4056 4436 4712 4815 5700
1838 4691 5521
1839
1840
1841 5608
1842 5094 5702
1843 2203 2597
1844
1845 4979 5786
1846
1847 4565
1848 2175 2592
1849 2267 4517
1850 3124 3346 5377
1851 5335
1852 3221
1853 1919 4017 4953 5621
1854
1855 2559 2616 5130
1856 2573 4451
1857 1997 2774 2872 3273 4702
1858
1859 1906 5747
1860 2387 3694
1861 5761
1862 2105 2245 2706 3166 3186 3246 3598 3762 4189 4224 5427 5841
1863 2724 3504 5950
1864 2874 4920
1865 3475
1866
1867 1896 2644
1868 3237 4821
1869 2204
1870 3653 3665
1871 3492 5284
1872 2021 3147 5008
1873
1874 3009 3590 3823
1875
1876 4962
1877 3523
1878
1879 3641 3949
1880 1962 4444
1881
1882 2091 3488
1883
1884 5218
1885 2484
1886
1887
1888 2333 3197 3349 3633 4919
1889 1943 2775
1890
1891 4346
1892
1893 1904 2497 3701
1894
1895
1896 2246 2464
1897
1898 2429
1899 5503
1900 4428
1901 2552 4424
1902 1943 2419
1903 2601
1904 4475
1905 2582 2643 3884
1906
1907 2807 3693 3810 4088 5001
1908
1909
1910 2042 4725
1911 2614
1912 2857
1913 5140
1914
1915
1916
1917 3233 3381 5532
1918
1919 2405 4694
1920
1921 2846 3848 4233 5278 5357 5557
1922 3223
1923 4918
1924 2438 4838
1925 4782 5403
1926
1927 3635 3916
1928 2109 2837 3387
1929 2354
1930 3807 4180
1931 3240 5561
1932
1933
1934
1935 5843
1936
1937 2201 5106
1938 3844 5526
1939
1940 3954
1941 2007
1942 2611
1943 3612
1944 4728 5328
1945 4153
1946 2234
1947 2876 3509
1948
1949 2410 3279 3510 3920 4072 4667
1950 5182 5304
1951
1952
1953 5334
1954 4043
1955
1956 2228 3368
1957 2186 3054
1958
1959 2608 2993 4099
1960 2398 2415 5574
1961 3586 3893
1962
1963 2208 4195 5049 5303
1964
1965 5222 5547
1966 2665 5616
1967 3804
1968
1969
1970 3738 3910
1971 2224 3498
1972 3966 5089
1973 4669
1974 3045 4186 4217
1975 4782
1976 2027 2650 2670 2782 4020 4306 4764 4831
1977 5600
1978 2655 3744
1979 4697
1980
1981 2438 2955 3373 4066 4505 5150
1982 4450
1983 2308
1984 2702
1985
1986 2134 4193 4325 4334
1987 5025
1988
1989
1990 2102 2680 2772 4779 4816
1991
1992 5407
1993 5549
1994
1995 2168
1996 2247 2558 3860 4630 4975
1997 2904
1998 3478 5221
1999 2029 2665 3880 4008 5006 5735
2000
2001 2239 4659
2002 2999 3044 4977 5341 5608
2003 3839
2004
2005 5552
2006
2007
2008 2197 2424 3045 4105 5957
2009 3725
2010 2141
2011 3138 4034
2012 3134 5174
2013
2014
2015 4944
2016 2408 4236 4497
2017 3100
2018
2019 3180 3687 5014 5628 5721
2020
2021 2545
2022
2023 2103 2696 3414 3872 4343 5984
2024 3970 4530 4601
2025
2026
2027 2855
2028 2821 5615
2029
2030
2031
2032 2507 3477
2033
2034
2035 2179
2036 2294 3754 4588
2037
2038 4479
2039 2502
2040 2288
2041 2715
2042 2659
2043
2044 2165 3418 3636 4717
2045 2588 3410 5092
2046 2922 5611
2047 2097 4102 5505
2048 3097 5575
2049 2063 2142 2364 3907 4327 4453 4829 5059 5255 5751
2050
2051 2479 4872 5057
2052 5220
2053 4120 5422
2054 3808 5804 5872
2055
2056
2057 2877
2058 5041
2059 3804
2060
2061 5055
2062
2063 3038
2064 3145 3188 4280 4817 5669
2065 4058 5884 5945
2066 2505 3168 4006 5810
2067 2556 2676
2068 4723 5706
2069 2336 5030
2070 3552 5269
2071
2072 3048
2073 2177 4029
2074 2476 2742
2075
2076 3148 3922 4582
2077 5593
2078 2123 2805 3489 5739
2079 2569 3854 4231
2080 3171 5481
2081 5219
2082 5763
2083 2663 2762
2084 4031
2085
2086 3656 5572
2087
2088 5558
2089 4357 5565
2090
2091
2092 5991
2093
2094 4045 4808
2095
2096 3550
2097
2098 2339
2099 2983
2100 4665 5748
2101 4385
2102 5463
2103 2495 3511
2104 3149
2105 2555 5038
2106 2881 3592 3748 3798 4384 4899
2107
2108 5267
2109
2110 2216
2111
2112 5904
2113
2114 4360 4588 4851
2115 2484 2498 3592 3679 4491 4807
2116 2168 2452 3699 3892 4468 4507 5234 5290
2117
2118 3855
2119 5350
2120 4397
2121
2122 3899 4698 5369
2123
2124 2343 4314
2125
2126 5772
2127 2598 3843 4671
2128 4254
2129 4957 5126
2130 3314
2131 3762
2132 4190 5762
2133
2134
2135
2136
2137 3853
2138 3697 3840 4259 4520 4715
2139 4221
2140 4494
2141 3543
2142 2692 3713
2143 3301
2144 3685
2145
2146 2869 4184
2147
2148
2149
2150 2968 5890
2151 2201 3470 5678
2152 5445
2153 2878 3452
2154 4331 4768
2155 2738 4290
2156 5210
2157 2632 2819 2958 3329
2158
2159
2160 4908 5986
2161 2954 3789
2162 2716
2163
2164
2165 3267
2166
2167 5109
2168
2169
2170 5443
2171 4668
2172
2173 2646 3099
2174 2610 5219
2175 2508 5717
2176 5223 5499
2177 2261 2469 3705
2178 4555
2179
2180
2181 4655 5562
2182 3172 4267 4921
2183 3556 4413 4562 4908
2184
2185 4038 5614
2186 5929
2187
2188
2189 5735
2190 2222 3385 3599 4084
2191
2192 4914
2193
2194
2195 5345
2196 2548 4076
2197 3017
2198 3727 3801
2199
2200
2201 2225 3382 4037 4481 4824
2202
2203 4419 4596
2204 3021 3648
2205 3268 5019 5382
2206 4432 4823
2207
2208 2885
2209 2327
2210 4087 4122 5714
2211
2212 4637 4913
2213 3224
2214
2215 3377 3436 4207 4912
2216
2217
2218
2219 3663 4036
2220 3511
2221
2222 3192 4800 5421
2223 4133 4590 5352
2224
2225 2575 5992
2226 2386 3767 4010
2227 4196 5498
2228 2944
2229
2230
2231
2232 4383 5165
2233 2347 2661 3882 4990 5416 5754 5798
2234 3055
2235 2862
2236 3971 4559 5337
2237 5982
2238 3225 4810
2239
2240 5706
2241 3108
2242 4826
2243 3454 3461
2244 5830
2245 2446 2697 2902 5138
2246
2247 2326 4145 4710
2248 2909 2928 5610 5686
2249 3567 4614
2250 5689
2251 2691
2252
2253 5502
2254
2255 3745 4706 5181
2256 2538 3047 3781 4527 4700
2257
2258 4575 5861
2259 5510
2260
2261
2262
2263
2264 3753
2265 3616 4636
2266
2267 4272
2268 4753
2269 5391
2270
2271
2272 4982 5690
2273
2274 5788
2275 3857
2276
2277 2593 2689 3228 5303
2278 4197
2279
2280
2281
2282 2603
2283
2284 2914
2285 3839 4305
2286
2287 4201
2288 5516
2289 3681
2290 3602
2291
2292 4521
2293 2682 2844 3493 5522
2294 2480 3349
2295 4843
2296
2297 2599 2760 3136 4073 5250
2298 4393
2299
2300 3027
2301
2302 2315
2303 3629
2304 3140 5437
2305
2306 3654 4164 5679
2307
2308
2309 3091 4437
2310 4926
2311
2312
2313 3267 3448
2314 2436 2682 4535 5465
2315 3161 3242 4757 5058
2316
2317
2318 3955 4891
2319 2355 2540 5317
2320 2485 2710
2321 2994 4025
2322
2323 4663
2324
2325
2326 2546 4233 5927
2327 2475 3071 3540
2328
2329
2330 4403
2331 2410 3142
2332
2333 4436
2334 5177
2335 2851
2336 2827 3248 4277
2337 5967
2338 2598
2339 2934 3025
2340 3357 3872 4288
2341 2667 4178
2342 5052 5455
2343 4752
2344 2380 3253 4967
2345
2346 2930 3413 3670
2347 2634
2348 4298 4392 4678
2349 2787
2350
2351 4125
2352 2836 4356 5955
2353
2354 4345
2355 3066 3603
2356
2357 4413
2358
2359 2427 5704
2360
2361 2451 4026 5378
2362 3944
2363
2364 4563
2365
2366 3294
2367 3012 3282
2368 4678
2369
2370
2371 4008
2372 3394 3818 5759
2373 3743 5385
2374 4246 5805
2375
2376 2992 5021
2377 4026
2378 2487 3693
2379 2892 2934 3046 4111 5271
2380
2381
2382
2383
2384 3059 4606
2385
2386 3419 5004
2387
2388 2496 2570 3421 4743 5324
2389 2729 2760 3970 4317 5781
2390
2391
2392 2894
2393
2394
2395
2396 3299 3620 3717 5570
2397
2398 5711
2399 4140 5685
2400 2666 4632 5000
2401
2402 4417 4634 5745
2403 3280
2404 3330 5908
2405
2406 5482
2407
2408
2409
2410 2795 4920
2411 2975 3110 3730
2412
2413
2414 2722
2415 4024
2416 3294
2417 2714 5158 5540 5588 5868
2418
2419
2420 3573 4225 4703
2421
2422
2423 3458
2424
2425
2426
2427
2428
2429
2430 3035 3463
2431
2432 3458 3893 4323
2433 4674
2434
2435 3649 4336 4690 4718 5371 5668
2436 2751 2771 3273
2437 2512 2542
2438 4175 4414
2439 3874
2440
2441 4521
2442 2947 4576 4799 5102
2443
2444 3350 3380
2445 2974 3137 3238 3911 3997 5353 5552 5882
2446 2737
2447 2533
2448 2496 3130 4100 5224
2449
2450
2451
2452
2453
2454 3340 4091
2455
2456
2457 3917 5952
2458 4156 4239 4517
2459
2460 3264 4873 5527 5739
2461 4407
2462 2547
2463 4154
2464
2465 3671
2466
2467 4841 5371
2468
2469 2565 3193 4845
2470 4251
2471
2472
2473 4599
2474
2475
2476 3203
2477 3956
2478
2479
2480
2481 2651 2770 3507 4802 5436
2482 3265 4391 5059
2483 4409 4939 5044
2484
2485 4941
2486
2487
2488
2489
2490 4075 4536 4728
2491 3529 3899
2492 4074 5785
2493 5090
2494
2495 2731 5073
2496
2497 5517 5797
2498
2499
2500
2501
2502 2686
2503
2504
2505
2506 5930 5958
2507
2508 4002 5273
2509
2510 4645
2511
2512
2513 3542
2514 2712 4039 5136
2515 2923 5359
2516 2777 3846 3961
2517 2973 5249
2518 3908
2519 3951
2520
2521 3120
2522 5907
2523 3206
2524 4016
2525 4696
2526
2527 5282 5872
2528 2553 2579 3755 3788 4787 5148 5514
2529
2530
2531
2532 4084
2533
2534 5948
2535 3589 3980 4526 5397 5611 5649
2536 2643
2537 4372 4858
2538
2539 3903 4646 5478 5601
2540 3752
2541 4553
2542
2543 3087
2544
2545 3794
2546
2547 2813
2548 3193 3254 3268 3551
2549
2550 4396
2551 4296
2552
2553
2554 2958 3295 4652 5325 5638
2555 3277 4951
2556 3874 5494
2557
2558
2559
2560 4708
2561
2562
2563 2763 4827
2564 3068
2565 2746 3113 3532 4508
2566 2719 2873 3046 3129 3453 4053 4258 4826 4955 5947
2567 3415 3636 5751
2568
2569
2570 5889
2571
2572 3790 4245 4476
2573
2574 4102
2575
2576 4520
2577
2578 5845
2579
2580 2735 3135 4613 4949 5409
2581
2582 5286 5538
2583
2584
2585
2586
2587 2901
2588
2589 5604
2590 5609
2591
2592 5149
2593
2594 5026
2595
2596
2597
2598 2801 3119
2599 4973
2600
2601 4526
2602
2603
2604
2605 5192 5791
2606
2607 5555
2608
2609
2610 3287
2611 2993 3495 4143 4152
2612 3093 3161 5579
2613 4758
2614
2615 3150 4583 4862
2616
2617
2618
2619
2620
2621 2941
2622 3485
2623
2624
2625 5227
2626
2627 3263 3410 3459
2628 5068 5590
2629
2630 5729
2631
2632 5687
2633 2741
2634
2635
2636 3768
2637 2753 2970 3889
2638 4057
2639
2640 2924 5359
2641
2642 3128 3401
2643 3116 4717 5265
2644
2645 5978
2646
2647 5962
2648 3101 4682 4813
2649
2650 2869 3322 5705
2651 5690
2652
2653
2654 2858 3372 4949 5097 5994
2655 5128 5618
2656 3984
2657 2965
2658
2659 3111 4642
2660
2661
2662 2975 4659 5108
2663
2664 5780
2665
2666 5361 5631
2667 3288
2668
2669 2790 2812 2873 4227
2670
2671 5438
2672
2673 4801 4848
2674 5677
2675
2676
2677 3493 3718
2678
2679
2680 2825 3187 5248 5551
2681
2682 3460 4493
2683
2684 3573 5029
2685
2686
2687 3438 5808
2688 4811
2689
2690
2691 4168
2692
2693 2962
2694 2793
2695 3403 4556
2696
2697 3878 4415
2698 2883 3296
2699
2700 4218
2701 3706 3869
2702 3124
2703
2704 3747
2705
2706 2953 3714
2707
2708 3931 5946
2709
2710
2711 2992
2712
2713 3061 4257
2714 4083 4370 5363
2715 3111 3234 3844 4304
2716
2717 4673
2718
2719 4398 4478
2720
2721
2722 4741
2723
2724 2842 2906 3633
2725 3617 5826
2726 3735 4570
2727
2728 3939
2729 2899 4628
2730 3281
2731
2732
2733 5489
2734 4519 4947
2735 3559 4537 4554
2736
2737 4968
2738
2739 3222 4140
2740
2741 3133
2742 4698
2743 3707 5279
2744
2745 3005
2746 4004
2747 5603 5728 5913
2748 4337
2749 3379 5958
2750 5314
2751 3717 5452
2752
2753 2781 4762
2754 3698 5727
2755 3191 3951
2756 4258 4361 5375
2757 3388 4301
2758 3856
2759
2760 5188 5214 5749
2761
2762 5199
2763
2764
2765
2766
2767 3795 4310 4879
2768 3158 4200 5175
2769 4469 4488
2770
2771 3463
2772
2773
2774
2775
2776 2845
2777
2778
2779
2780 3077 3528 4511 4524 4991 5242
2781 3071
2782 3568
2783 3032
2784 3570 4619 5329
2785
2786
2787 5228
2788 5686
2789 4190 5014
2790 4531 4922 5080
2791
2792
2793
2794 5789
2795 3163 3703
2796 3324 5803
2797
2798 2820 2924 3086 3581
2799
2800
2801 4017
2802
2803 3842 4622 4651
2804
2805 3566 3649
2806
2807 3026
2808
2809 3449 3828 5009
2810
2811 3229
2812
2813 5091
2814 4760
2815
2816
2817
2818 5484
2819
2820
2821 5934
2822
2823 4349 5866
2824
2825 3546 4727
2826 3310 4874
2827
2828
2829 3146 3600 5168
2830 3996 5844
2831
2832
2833
2834
2835 4024 4679 5531 5808
2836 5654
2837
2838
2839
2840 3343 5537
2841 4059 5968
2842
2843 3461
2844 4141
2845
2846 3916 3941
2847
2848
2849
2850
2851
2852 3357
2853 2861 3445
2854
2855
2856
2857 3105
2858 4606
2859 3563 4250 5035 5509 5595
2860
2861 5778
2862
2863
2864 3070 3331
2865
2866 4809 5361
2867 4376 4427 5732
2868 5081 5787 5816
2869 4490
2870 4022 4737
2871
2872
2873
2874
2875 2913
2876
2877 2964 3415 4064 4387 4493
2878 3852
2879
2880
2881 3416
2882 5874
2883
2884
2885
2886
2887 3738
2888 3064
2889 4108 5070
2890 3142 5297 5812
2891 3050
2892
2893
2894 3787
2895 3840 4687
2896 3704
2897
2898 4712
2899
2900 5862
2901
2902 3572 4808 5783
2903
2904 4671
2905
2906
2907
2908
2909
2910
2911 5753
2912 2950 4179
2913 5701
2914
2915
2916
2917
2918 3266
2919
2920 3210 4028 4394 5504
2921 3856
2922
2923 3030 4244 4890
2924 3790 4495
2925 4303
2926 3631 5082
2927
2928 2969 4539 5944
2929
2930
2931 4215 5432
2932 3487
2933 5435
2934 3676
2935 3200
2936 4164 4482
2937
2938 3612 4950
2939
2940 4204 5180 5467 5865
2941
2942
2943 3968
2944 5995
2945
2946
2947
2948 4025 4545
2949
2950 3298 3705 3924 3978 4777
2951
2952
2953 3520
2954 2960 5922
2955
2956 3618
2957 3339 3634
2958 3854
2959 4175 4688
2960
2961 3067 4480
2962 5406
2963 3029
2964
2965 5191
2966
2967 4584 5328
2968 4726
2969 3319
2970 3539 5163
2971
2972 4035 4061
2973 3261
2974 3650
2975
2976 3740
2977
2978 4438
2979 3437 4741
2980
2981
2982 3622 4390
2983 4340 5173 5449
2984 3107 4571
2985
2986
2987 4965 5896
2988
2989 4044 4464
2990 4018 4294
2991
2992 4691
2993 3157
2994
2995 3674
2996 3127 5270
2997
2998
2999
3000
3001
3002
3003
3004 3360 4121
3005
3006 3022 3347 3591 4868
3007 3317
3008 5719
3009 5545
3010 3643
3011
3012 4612 4743
3013
3014 4543 5705
3015
3016 3315
3017 3858 4369
3018 4828
3019 5151
3020 3768
3021
3022
3023
3024
3025
3026 3162 4244 5815 5978
3027
3028
3029 3710
3030 3235 3292 3467 5657
3031 5140
3032 5856 5937
3033
3034 5790 5867
3035
3036
3037 4116 5107
3038 3083 3908 4154 4470
3039
3040 3867
3041
3042 5933
3043
3044 3173 4246
3045
3046 5626
3047
3048
3049
3050
3051
3052
3053 4429
3054 4005
3055
3056 3067 4643 5570
3057 3811 4397 5434
3058 4235
3059 4725 5901
3060 3219 3402 5108
3061 3833 5233
3062 3252
3063
3064 3088
3065 4273
3066
3067
3068
3069
3070 4467 5073
3071 3833 5893
3072 4158
3073 5388 5613
3074
3075 4577
3076
3077
3078
3079
3080
3081
3082
3083 5038
3084 4321 4683
3085
3086
3087
3088 4457
3089
3090 3394
3091
3092
3093
3094
3095
3096 3716
3097
3098 5383
3099
3100 5809
3101
3102
3103
3104
3105 3578
3106
3107 3937
3108
3109 5474
3110
3111 3653 3708
3112 4660
3113
3114
3115
3116 4160 4653
3117
3118
3119 3825
3120 4221 5596
3121
3122
3123
3124 3889
3125
3126
3127 5746
3128 3885
3129
3130
3131
3132
3133 4264
3134 3726
3135
3136
3137
3138
3139 3312 4899 5591
3140
3141
3142
3143 3265
3144
3145 4902
3146 5404
3147
3148
3149
3150
3151 3404
3152
3153 4094
3154 4333 5048
3155
3156 3696 3919 4137
3157 3627
3158
3159
3160
3161 4237
3162 3177 3186 3792 5973
3163 3982
3164
3165 3583 5176 5242
3166 4312
3167
3168
3169
3170
3171 3742 4756
3172 3196 5524
3173
3174 5098
3175
3176
3177 5612
3178
3179
3180 3754
3181 3900
3182 4489
3183 4551
3184 3525 3811
3185
3186 5634 5858
3187 3334 5844 5935
3188
3189
3190
3191
3192
3193
3194 4381 4872 5792
3195
3196
3197
3198 3352
3199 3686
3200 3356 5512
3201
3202
3203
3204
3205
3206
3207
3208
3209 3526
3210
3211 3244 4368 4788
3212 4006 4127 5694
3213
3214 3400
3215 3755 3954
3216
3217
3218 3632 3679
3219
3220 3873 4754 5804
3221 3494 5392 5470
3222 4115
3223 3497
3224
3225
3226 5625
3227 4042
3228
3229
3230 3805 5949
3231 3846 5157 5410
3232 3778 5876
3233 5956
3234 4830
3235
3236
3237 5293
3238 4188
3239 3584
3240 3689
3241
3242
3243
3244
3245
3246
3247 4430
3248
3249
3250 4426 4681 4837
3251 3290 5800
3252
3253
3254 5071
3255 4938 5734
3256 3690
3257 4379
3258
3259
3260
3261 3486 3878
3262
3263
3264
3265 4620
3266
3267
3268
3269
3270 4759
3271
3272
3273
3274
3275 5326 5329
3276 3644 3920 4166
3277
3278
3279
3280
3281
3282 5327
3283 5020 5168 5240
3284
3285 3588
3286
3287 5117
3288
3289 3562 3915
3290
3291 5040 5893
3292
3293
3294 3883 4311
3295
3296 3870
3297
3298
3299
3300
3301
3302
3303
3304
3305
3306 3737 5393
3307 5826
3308
3309 5268
3310
3311
3312
3313
3314
3315 3521
3316
3317
3318 3398 4053
3319
3320 3537
3321
3322
3323 5554
3324
3325
3326
3327 4291
3328 3531
3329 4476
3330
3331
3332 3467
3333 3786
3334 4707
3335
3336
3337
3338 5717
3339
3340
3341 5022 5764
3342
3343 3531
3344 3618
3345 4019
3346 4738 5327
3347
3348
3349 5566
3350
3351 5635
3352 3894
3353 3845 4322
3354 3990
3355
3356 3778
3357 3927 4279 4770
3358
3359
3360
3361
3362 4286
3363
3364
3365
3366 5008 5220
3367
3368
3369 5724
3370 4850 5384
3371
3372
3373 3663
3374
3375
3376
3377
3378 4172
3379 4089 5790
3380
3381 3628
3382
3383 4339
3384
3385
3386 4595
3387 4834 4988 5028 5554
3388
3389
3390
3391 3771 3799 4714 5261
3392 3496
3393 4243
3394
3395 5877
3396
3397
3398
3399
3400 3997
3401
3402
3403
3404 3460 5463
3405 3483 5454
3406
3407 5968
3408 4420
3409 5712
3410 4945
3411 5530
3412
3413 4320 4970 5750
3414 3660 5045
3415
3416 4417
3417
3418 4992 5581 5743
3419 5936
3420
3421 4915
3422 5450
3423 5177
3424 3865 4672
3425 5236 5310
3426
3427
3428 4906
3429 4119 4542 4548 5989
3430
3431
3432 3471
3433 5262
3434
3435 4265 5909
3436
3437
3438 4111
3439
3440 4090 4389
3441 3630
3442
3443 4798 5218
3444 4472
3445 4234 5439
3446 4113
3447 5567
3448 3552 4380
3449
3450 5212 5590
3451 4864 5375
3452 3672 4069
3453
3454 4040
3455 3812 4688
3456
3457
3458
3459 4490 5041 5559
3460 3476
3461
3462 3820
3463
3464 5055 5923
3465
3466
3467 3731
3468
3469 5874
3470 5466 5757
3471
3472
3473
3474
3475 3960 4028
3476 5807
3477 5919
3478
3479
3480
3481
3482 3770
3483
3484
3485
3486
3487 5768
3488
3489
3490 4390 4641
3491 4341 4985
3492
3493
3494 4533
3495 3767
3496 3946
3497
3498
3499 3549 4187 5210
3500 5598
3501
3502 4209 5082
3503
3504 5180
3505 5993
3506
3507
3508 4847
3509
3510 4079 4557
3511 5889
3512 4235 5234
3513
3514
3515 4240
3516
3517 5605
3518 4884 5267
3519
3520 3657
3521
3522 5622
3523 4985 5811
3524
3525 5087
3526 3611 4421 5069 5260
3527
3528
3529
3530 3661 4274
3531
3532
3533
3534
3535 5999
3536 4200 4404
3537 5099
3538
3539
3540 4114
3541 5189 5894
3542
3543 5960
3544 5587
3545 3604
3546
3547 5160
3548 4856
3549
3550
3551
3552 5954
3553 5362
3554 4249
3555
3556 4351
3557
3558
3559
3560 5217 5557
3561 5810
3562 4193
3563
3564 3607
3565
3566
3567 4607
3568 3832 5111
3569
3570
3571 4502
3572
3573 4612 5023
3574 4813
3575
3576 4389
3577
3578
3579 5349
3580
3581
3582 5518
3583
3584
3585
3586 4219
3587
3588 3973 5928 5964
3589
3590
3591
3592 4107
3593 3838
3594 5991
3595
3596
3597
3598
3599
3600
3601 4415
3602
3603
3604 5203 5395 5738
3605
3606
3607 4146 4861 5929
3608 4129
3609 3664
3610 3714 4916
3611
3612
3613
3614
3615 3933
3616
3617 5274
3618
3619 4994
3620
3621
3622
3623
3624
3625
3626
3627
3628 4160 4638 5618
3629
3630
3631
3632
3633
3634 3667
3635
3636
3637
3638 4584
3639
3640
3641
3642
3643
3644
3645 4120
3646
3647 5997
3648 5051
3649 4399
3650 5236
3651
3652
3653
3654
3655
3656 5817
3657
3658
3659
3660 5818
3661 5101
3662
3663
3664 4469
3665
3666
3667
3668
3669
3670
3671
3672 5283
3673
3674 3979
3675
3676 3678 4367
3677 3906
3678
3679 4340
3680 4666 5953
3681 5542
3682
3683 4103
3684 5719
3685
3686
3687
3688
3689 5593
3690
3691 4746
3692
3693 3707 4117 4881
3694
3695
3696
3697
3698
3699
3700
3701
3702
3703
3704
3705
3706 4567 4917
3707 4213 4737 5870
3708
3709
3710
3711 4337 4483 4597 4700
3712
3713
3714 5776
3715
3716 3845
3717
3718
3719 4550
3720
3721
3722 3886
3723
3724 5969
3725 4987
3726 3817 5492
3727 4786
3728
3729
3730
3731 4426
3732 5506
3733
3734
3735 3960 5300
3736
3737 4375
3738
3739
3740
3741
3742
3743
3744 4611 5391
3745
3746
3747 4478
3748 4833
3749
3750
3751 3985 4280 4361 4611 4964 5383
3752
3753
3754
3755 5398
3756 4531
3757
3758
3759
3760
3761 4452
3762
3763 4034 5268
3764
3765
3766
3767
3768
3769
3770
3771
3772
3773
3774
3775 4820
3776
3777
3778
3779 5386
3780 4331 4358 4926
3781 5733
3782
3783
3784
3785
3786 4919
3787 5401
3788
3789
3790
3791
3792
3793
3794
3795 5834
3796 4849 5652
3797 5513
3798
3799
3800 5408 5578
3801 3869
3802
3803
3804
3805
3806
3807
3808 5935
3809
3810
3811
3812
3813 4477
3814 4097 4109
3815
3816
3817 4818 5433 5931
3818
3819 5146 5264
3820 5658
3821
3822
3823
3824
3825
3826
3827
3828
3829 5648
3830 4086 5838
3831
3832
3833
3834
3835
3836 5748
3837 3849
3838
3839
3840
3841 5976
3842
3843 5482
3844
3845 3994
3846 4576
3847 4713 4835
3848 5162
3849
3850
3851 3860 4399 5169
3852
3853
3854
3855 4011
3856
3857
3858
3859 4215 5149
3860 5212
3861
3862 5609
3863
3864 5798
3865
3866
3867
3868 4762 5850
3869 4495
3870
3871 5441
3872
3873 5322 5909
3874 4735
3875
3876 4203
3877
3878 4027
3879 4753
3880 4559 5159 5559 5823
3881
3882
3883
3884
3885
3886 4870
3887 4839
3888 3948
3889
3890
3891
3892 3898 5659 5870
3893 4888 5445
3894
3895
3896
3897 4935 5179
3898
3899
3900 4914
3901
3902
3903 4232
3904
3905 4814
3906
3907 5954
3908 5326
3909
3910
3911 4709
3912 4769
3913 4616
3914
3915
3916 4487
3917 4325 4848 5571
3918 3931
3919
3920 4716
3921
3922
3923
3924
3925
3926
3927
3928
3929
3930
3931
3932
3933 4052
3934
3935
3936
3937
3938
3939 3998 5325
3940 5720
3941
3942
3943 4313
3944
3945 5655
3946
3947
3948 5910
3949 4535
3950
3951 4455 4812
3952
3953 5412
3954 5594
3955 5305
3956
3957 4308 5100
3958 4299 5207
3959 4232
3960
3961
3962
3963 4750 5199
3964
3965
3966
3967
3968
3969
3970
3971
3972 4238
3973
3974
3975 5669
3976
3977
3978
3979
3980
3981
3982
3983 5277
3984
3985
3986 4014
3987 5573
3988
3989
3990
3991
3992
3993
3994 5688
3995
3996 4088
3997 4208 4776
3998
3999
4000
4001
4002
4003
4004
4005 4068 4374 4392
4006 5914
4007 5771
4008
4009
4010
4011 4934
4012
4013
4014
4015
4016
4017
4018
4019
4020
4021
4022
4023
4024 4888
4025 4371 4874 5711
4026
4027 5556
4028
4029
4030
4031
4032
4033
4034
4035 4298
4036
4037
4038
4039 4354
4040
4041
4042 5068
4043
4044
4045
4046 5167 5653
4047 5697
4048 5255
4049
4050
4051
4052 5763
4053 5256
4054
4055
4056
4057
4058
4059 4131
4060
4061
4062
4063
4064
4065
4066
4067
4068 4739
4069
4070
4071
4072
4073
4074
4075
4076 5938
4077
4078 5085
4079
4080
4081
4082 4488 5364
4083 4976
4084
4085 4755
4086
4087
4088
4089 4747
4090
4091 4859 5707
4092 4484
4093
4094
4095
4096
4097
4098
4099
4100
4101
4102 4795
4103
4104 4701
4105
4106
4107
4108
4109
4110
4111
4112
4113
4114
4115
4116
4117
4118
4119
4120 5241
4121 4422
4122
4123 5584
4124
4125
4126
4127 4410 4934 5784
4128
4129 4442
4130
4131
4132
4133
4134
4135
4136 4138 4889
4137
4138 4460
4139
4140
4141
4142
4143
4144
4145 5125
4146
4147
4148 5198
4149
4150
4151
4152
4153
4154 5842
4155
4156 5862
4157
4158
4159
4160
4161
4162 4942
4163
4164
4165 5794
4166
4167
4168 5988
4169 4420
4170
4171
4172
4173 5184
4174
4175
4176
4177
4178
4179
4180
4181 4684 5166 5597
4182 4242 5496
4183
4184 5480
4185
4186 4268 5229 5715
4187 4214 5203 5443
4188 4962
4189 4597
4190
4191
4192 5372
4193 5076
4194 5713
4195 4453 4610 5630
4196
4197
4198
4199
4200
4201
4202
4203
4204
4205 4540
4206
4207 5984
4208
4209
4210
4211
4212
4213
4214
4215
4216
4217 5993
4218
4219
4220
4221
4222
4223
4224
4225
4226
4227
4228
4229 4458 5182
4230 4806
4231
4232 5670
4233 4633 4684 4780
4234
4235
4236 4354
4237 5306 5338
4238
4239 4593
4240
4241
4242
4243 5620
4244
4245
4246
4247
4248
4249 5295
4250
4251
4252
4253 4454
4254 5725
4255 4538 5529
4256
4257
4258 4486
4259
4260
4261
4262
4263
4264
4265
4266
4267 4884 5316 5761 5835
4268 4454
4269
4270
4271
4272
4273
4274
4275
4276 5170
4277
4278
4279
4280 4721
4281
4282
4283
4284
4285 4765
4286 5202
4287
4288
4289 5293
4290
4291
4292
4293
4294
4295 4344
4296
4297
4298
4299
4300 4670
4301
4302
4303
4304 5776
4305
4306
4307
4308
4309
4310 5955
4311
4312
4313 4821
4314
4315
4316 4598
4317 4699
4318
4319 4462 4595 5912
4320
4321
4322 4473 4812
4323
4324 4862
4325
4326
4327
4328 5335
4329
4330 4473
4331 4558
4332
4333
4334 5270
4335
4336
4337 5127 5237
4338 5258
4339
4340
4341 4755 5312
4342
4343 4837
4344 4510
4345 4501
4346 4833
4347
4348
4349
4350
4351
4352 4835 4989
4353 5042
4354 4731 5166 5478
4355
4356
4357
4358 4603 4957
4359
4360
4361
4362 5493
4363 4907
4364
4365
4366
4367
4368
4369
4370 5308
4371
4372
4373
4374
4375 4894
4376 5161
4377
4378
4379
4380 5001
4381
4382 4876 5501
4383
4384 4458
4385
4386
4387 4450 4510 5736
4388 4661
4389
4390
4391
4392 5921
4393
4394
4395 5774
4396
4397
4398
4399
4400
4401
4402
4403 5733
4404
4405 5139
4406
4407
4408 4613 5364 5683
4409
4410
4411
4412
4413 5003
4414
4415
4416 5309
4417 4645
4418
4419
4420
4421 5216
4422
4423
4424
4425
4426
4427
4428 4538
4429 5448
4430 5731
4431
4432
4433
4434
4435
4436
4437
4438
4439 4855
4440
4441
4442 5682
4443
4444 5115
4445
4446
4447
4448
4449
4450
4451
4452
4453
4454
4455
4456
4457 5814
4458
4459
4460
4461
4462
4463
4464 5119
4465 4867
4466
4467
4468 5568
4469
4470
4471
4472
4473
4474 5358
4475
4476 4868
4477 4630
4478
4479
4480
4481
4482
4483 4518 4686
4484
4485
4486
4487 4834
4488
4489
4490
4491 5170
4492
4493 5737
4494
4495 5817
4496
4497
4498 5356
4499 5855
4500
4501
4502 4797 5531
4503 5346
4504
4505 5037 5053 5693
4506
4507
4508
4509
4510
4511
4512
4513
4514
4515 5070
4516
4517
4518 5982
4519
4520
4521
4522
4523
4524 5032
4525
4526
4527
4528
4529
4530
4531
4532 4930 5250
4533 4877
4534
4535
4536
4537
4538
4539 4607 5015
4540
4541
4542 5105 5758 5825
4543
4544
4545
4546 5278
4547 4561
4548
4549
4550
4551 5438 5477
4552
4553 5387
4554
4555
4556
4557 5343 5435 5937
4558
4559 4693 5208 5591
4560
4561
4562
4563
4564
4565 5047
4566 5661
4567 4842
4568
4569 4674
4570 5266
4571
4572 4723
4573
4574 5799
4575
4576
4577
4578
4579 5347
4580
4581
4582 5457
4583
4584 4615 4779 5173
4585
4586
4587 4966
4588
4589 5692
4590
4591
4592
4593
4594
4595 5565
4596
4597 4746
4598
4599
4600
4601
4602 5710
4603
4604
4605
4606
4607
4608
4609 5193
4610
4611 5330
4612
4613 4789 5381
4614
4615 5243
4616 5018
4617
4618
4619
4620
4621 5473
4622
4623
4624
4625
4626
4627
4628
4629
4630 5400
4631
4632
4633
4634
4635
4636
4637
4638 5959
4639
4640
4641
4642
4643 5398
4644
4645 4866
4646
4647
4648
4649
4650 4829
4651
4652 4679
4653
4654
4655
4656 5272
4657
4658
4659
4660
4661
4662
4663
4664
4665
4666
4667
4668 4822
4669 5645 5742 5849
4670
4671
4672
4673 5461
4674
4675 5260
4676
4677
4678
4679
4680
4681
4682
4683
4684
4685
4686
4687
4688
4689
4690 4991
4691
4692
4693
4694
4695
4696
4697 5721 5760
4698
4699
4700 5684
4701
4702
4703 5318 5588
4704
4705
4706
4707
4708
4709 5687
4710
4711
4712
4713
4714
4715
4716
4717
4718
4719
4720
4721
4722
4723
4724
4725 4984 5065 5128
4726 5202
4727
4728
4729
4730
4731
4732
4733
4734 4956 5932
4735
4736
4737 5343
4738
4739
4740
4741 4941
4742
4743
4744
4745
4746
4747 5961
4748 5434 5806
4749 5517
4750
4751
4752
4753
4754
4755
4756 5399
4757
4758 4777
4759 5298
4760 5197
4761
4762
4763
4764
4765
4766 5774
4767
4768
4769
4770 5995
4771 5667
4772
4773
4774
4775 5233
4776
4777
4778
4779
4780
4781 5292
4782
4783
4784
4785
4786
4787
4788
4789
4790
4791
4792
4793
4794
4795 5007
4796
4797
4798
4799
4800
4801
4802
4803
4804
4805
4806
4807
4808
4809
4810
4811
4812
4813
4814
4815
4816
4817
4818
4819
4820
4821
4822
4823
4824
4825
4826 5389
4827
4828
4829 4911 5048
4830 5966
4831
4832
4833 5564
4834
4835 5283
4836
4837
4838 5843
4839 5885
4840 5625
4841
4842
4843
4844
4845 5469
4846
4847
4848
4849
4850
4851
4852 5471
4853
4854
4855
4856
4857 4951
4858
4859 5143 5622
4860
4861
4862
4863
4864
4865 5926
4866 5964
4867 5352
4868 5208
4869
4870 5581 5980
4871
4872
4873 5848
4874
4875 5578
4876
4877
4878
4879
4880
4881
4882
4883
4884
4885
4886
4887 4916 5058 5607
4888
4889
4890
4891 5237 5363
4892
4893
4894
4895
4896
4897
4898 5466
4899 4903 5730
4900
4901 5671 5903
4902
4903
4904
4905
4906
4907 5715
4908
4909
4910
4911 5495
4912
4913 5386
4914
4915
4916
4917
4918
4919
4920 5956
4921 5583
4922
4923
4924
4925
4926 4986
4927
4928
4929
4930 5344 5873
4931
4932
4933
4934
4935
4936
4937
4938
4939
4940 5062
4941
4942 5124
4943
4944
4945
4946 5505
4947 5067 5832
4948
4949
4950
4951
4952
4953 5256
4954
4955
4956
4957
4958 5680
4959
4960
4961
4962
4963
4964
4965 5252
4966
4967
4968 5833
4969
4970
4971
4972
4973
4974
4975
4976
4977
4978
4979
4980
4981
4982
4983
4984
4985
4986 5257
4987
4988 5722
4989
4990
4991
4992
4993
4994
4995
4996
4997
4998 5114
4999
5000
5001
5002
5003
5004
5005
5006
5007
5008
5009
5010
5011
5012
5013
5014
5015
5016
5017
5018
5019
5020 5822
5021
5022
5023
5024 5592
5025
5026
5027
5028
5029
5030
5031
5032
5033
5034
5035
5036
5037
5038
5039
5040
5041
5042
5043
5044
5045
5046
5047
5048
5049
5050 5631
5051
5052
5053
5054
5055
5056
5057
5058
5059
5060
5061
5062
5063
5064
5065
5066
5067
5068 5069
5069
5070
5071
5072
5073
5074
5075
5076
5077
5078
5079
5080 5962
5081 5098
5082
5083
5084 5161
5085
5086
5087 5394 5404
5088
5089
5090
5091
5092
5093
5094 5828
5095
5096
5097
5098
5099
5100
5101 5451
5102
5103
5104
5105
5106
5107
5108
5109
5110
5111
5112
5113
5114 5988
5115
5116
5117
5118
5119
5120
5121 5500
5122
5123
5124
5125
5126 5852
5127
5128
5129
5130
5131
5132 5652
5133
5134 5724
5135
5136
5137
5138
5139
5140 5276
5141
5142
5143
5144
5145
5146 5780
5147
5148
5149 5833
5150 5174 5307
5151
5152
5153
5154 5814
5155
5156
5157
5158
5159
5160
5161
5162
5163
5164
5165
5166
5167
5168
5169
5170
5171
5172 5655
5173
5174 5979
5175
5176
5177
5178
5179
5180
5181
5182
5183
5184
5185
5186 5553
5187
5188
5189
5190
5191
5192
5193
5194
5195
5196
5197
5198
5199
5200
5201
5202
5203
5204
5205
5206
5207
5208
5209
5210
5211 5493 5535
5212
5213 5333
5214
5215
5216
5217
5218
5219
5220
5221
5222 5395
5223
5224
5225
5226
5227
5228
5229
5230
5231
5232
5233
5234
5235
5236
5237
5238
5239
5240
5241
5242
5243
5244
5245 5468
5246
5247
5248
5249
5250
5251
5252
5253
5254
5255
5256 5916
5257
5258
5259
5260
5261
5262
5263
5264
5265
5266
5267
5268
5269
5270
5271
5272 5424
5273 5536 5949
5274 5418
5275 5854
5276
5277
5278
5279
5280
5281
5282
5283
5284
5285
5286
5287
5288
5289
5290
5291
5292 5582
5293
5294
5295
5296
5297
5298
5299
5300
5301
5302
5303
5304
5305 5311
5306
5307
5308
5309
5310
5311 5741
5312
5313 5662
5314
5315 5865
5316
5317
5318
5319
5320 5623
5321
5322 5892
5323
5324
5325
5326
5327
5328 5418
5329
5330 5699
5331
5332
5333
5334
5335
5336
5337
5338
5339
5340
5341 5830
5342
5343
5344
5345
5346
5347
5348 5693
5349
5350
5351 5802
5352
5353
5354
5355 5574
5356 5496
5357
5358
5359 5974
5360
5361
5362
5363
5364
5365
5366
5367
5368
5369
5370
5371
5372
5373
5374
5375
5376
5377
5378
5379
5380
5381
5382
5383
5384
5385
5386
5387
5388
5389
5390
5391
5392
5393
5394
5395
5396
5397
5398
5399
5400
5401
5402
5403
5404
5405 5849
5406
5407
5408
5409
5410
5411
5412 5577 5793
5413
5414
5415
5416
5417
5418 5898
5419
5420
5421
5422
5423
5424
5425
5426 5638
5427
5428
5429
5430
5431
5432
5433
5434
5435
5436
5437
5438
5439
5440
5441
5442
5443
5444
5445
5446
5447
5448
5449
5450
5451 5582
5452
5453
5454
5455
5456
5457
5458
5459
5460
5461
5462
5463
5464
5465
5466
5467
5468 5723
5469 5783
5470
5471
5472
5473
5474
5475
5476
5477
5478
5479
5480
5481
5482 5562
5483 5886
5484
5485 5636
5486
5487
5488
5489
5490
5491 5519
5492
5493
5494
5495
5496
5497
5498
5499
5500
5501
5502
5503
5504
5505
5506
5507
5508
5509
5510
5511
5512
5513
5514
5515
5516
5517 5876
5518
5519
5520
5521
5522
5523
5524
5525
5526
5527 5709
5528 5921
5529
5530 5895
5531
5532
5533
5534
5535
5536
5537
5538
5539
5540
5541
5542 5915
5543 5629
5544
5545
5546
5547
5548
5549
5550
5551
5552
5553
5554
5555
5556 5689
5557
5558
5559
5560
5561
5562
5563
5564
5565
5566
5567
5568
5569
5570
5571
5572
5573
5574
5575
5576
5577
5578
5579
5580
5581
5582
5583
5584 5835
5585
5586
5587
5588
5589
5590
5591
5592
5593
5594
5595
5596 5813
5597
5598
5599
5600
5601
5602
5603 5651
5604
5605
5606
5607
5608
5609
5610
5611
5612
5613
5614
5615
5616
5617 5837
5618
5619
5620
5621
5622
5623
5624
5625
5626
5627
5628 5975
5629
5630
5631
5632
5633
5634
5635
5636
5637
5638 5914
5639
5640
5641
5642
5643
5644
5645
5646
5647
5648
5649
5650
5651
5652
5653
5654
5655
5656
5657
5658
5659
5660 5887
5661
5662
5663
5664
5665
5666
5667
5668
5669
5670
5671
5672
5673
5674
5675
5676
5677
5678
5679
5680
5681
5682
5683
5684
5685
5686
5687
5688
5689
5690
5691
5692
5693
5694
5695
5696
5697
5698
5699
5700
5701
5702
5703
5704
5705
5706
5707
5708
5709
5710
5711
5712
5713
5714
5715
5716
5717
5718
5719 5725
5720
5721
5722
5723
5724
5725
5726
5727
5728
5729
5730
5731
5732
5733
5734
5735 5897
5736
5737
5738
5739
5740
5741
5742
5743
5744
5745
5746
5747
5748
5749
5750
5751
5752
5753
5754
5755
5756
5757
5758
5759
5760
5761
5762
5763
5764
5765
5766
5767
5768
5769
5770
5771
5772
5773 5840
5774
5775
5776
5777
5778
5779
5780
5781
5782
5783
5784
5785
5786
5787
5788
5789
5790
5791
5792
5793
5794
5795
5796
5797
5798
5799
5800
5801
5802
5803
5804
5805
5806
5807
5808
5809
5810
5811
5812
5813
5814
5815
5816
5817
5818
5819
5820
5821
5822
5823
5824
5825
5826
5827
5828
5829
5830 5918
5831
5832
5833
5834
5835
5836
5837
5838
5839
5840
5841 5944
5842
5843
5844
5845
5846
5847
5848
5849
5850
5851
5852 5887
5853
5854
5855
5856
5857
5858
5859
5860
5861
5862
5863
5864
5865
5866
5867
5868
5869
5870
5871
5872
5873
5874
5875
5876
5877
5878
5879
5880
5881
5882
5883
5884
5885
5886
5887
5888
5889
5890
5891
5892
5893
5894
5895
5896
5897
5898
5899
5900
5901
5902
5903
5904
5905
5906
5907
5908
5909
5910
5911
5912
5913
5914
5915
5916
5917
5918
5919
5920
5921
5922
5923
5924
5925
5926
5927
5928
5929
5930
5931
5932
5933
5934
5935
5936
5937
5938
5939
5940
5941
5942
5943
5944
5945
5946
5947
5948
5949
5950
5951
5952
5953
5954
5955
5956
5957
5958
5959
5960
5961
5962
5963
5964
5965
5966
5967
5968
5969
5970
5971
5972
5973
5974
5975
5976
5977
5978
5979
5980
5981
5982
5983
5984
5985
5986
5987
5988
5989
5990
5991
5992
5993
5994
5995
5996
5997
5998
5999
