#C:/Users/timos/Documents/GitHub/simulating-vaccinations/code/network.py
# GMT Sun Dec  2 18:41:49 2018
# 
0 2 3 4 13 14 22 49 57 59 62 63 79 85 111 146 196 213 231 234 246 248 251 270 336 342 361 443 458 518 519 521 559 571 620 628 715 730 733 767 803 813 892 914 969
1 2 9 14 16 32 40 46 83 134 156 283 381 406 466 469 479 535 560 575 635 673 752 766 997
2 3 4 5 7 10 12 13 20 26 31 39 55 61 62 63 75 97 101 115 116 128 148 151 170 175 223 228 235 251 281 297 299 300 321 322 337 365 372 382 396 405 457 470 536 557 599 601 606 643 651 679 700 762 766 777 792 794 796 805 822 826 839 843 877 886 897 907 914 915 923 930 933 987 994
3 6 86 111 112 136 151 173 219 331 346 519 685 712 725 742
4 5 6 7 16 19 21 32 34 42 47 66 67 124 135 138 157 192 247 252 258 278 299 311 316 328 368 430 444 501 531 576 625 686 795 861 875 927 961 962
5 8 10 23 24 76 80 82 90 106 117 126 134 142 166 171 215 261 304 306 370 400 407 418 435 437 495 591 592 667 696 811 815 846
6 8 15 22 48 50 92 109 135 184 307 313 338 456 503 598 740 835 869 995
7 25 29 54 146 224 230 290 581 670 758 806
8 9 15 18 41 43 50 64 65 100 133 156 169 191 250 262 295 309 329 330 354 376 488 542 594 644 665 676 710 759 769 790 840 845 859
9 11 17 31 37 45 72 80 108 119 122 186 211 221 239 275 289 294 352 359 425 459 472 520 526 789 876 972 998
10 11 12 17 34 60 86 96 106 118 181 231 277 366 403 414 532 555 584 614 708 794 889 936
11 27 43 49 51 85 104 114 139 144 152 190 195 241 324 349 468 471 481 558 610 828 849 957
12 499 626
13 29 240 355 428 484 602 705
14 18 30 70 90 120 246 307 340 341 520 735 791
15 19 28 41 48 53 61 83 101 105 117 141 150 153 164 177 187 195 204 211 266 269 362 421 429 442 478 492 583 637 757 767 812 838 903 928
16 23 27 138 167 217 323 394 419 463 902
17 21 24 26 30 56 67 68 79 81 121 147 178 189 198 278 309 335 382 397 398 402 416 638 707 717 819 881 888 893 949 991
18 20 28 44 64 65 69 76 110 142 159 338 344 367 423 463 733 755 854 857 922 923
19 74 113 162 233 242 272 646 751
20 38 78 82 172 182 187 192 197 200 209 214 228 349 386 401 410 562 656 693 697 708 744 808 829 860 968
21 25 33 36 158 161 207 356 586 824 868
22 57 140
23 46 77 105 143 244 393 466 541 554 687 768 855 997
24 188 209 636 967
25 35 42 52 123 154 240 287 330
26 35 38 47 145 208 321 426 734 966
27 56
28 71 104 224 265 294 387 399 480 531 697 712 899 910 955 984
29 33 45 71 92 237 260 322 332 368 408 602 632 658 825 888 904 908 924 940 988
30 110 379 527 534 785 901
31 755
32 100 774 932
33 36 44 55 385 515 622 791
34 39 51 58 243 270 336 436 506 768 946 982
35 245 663 832
36 37 40 73 84 125 225 329 343 422 438 477 546 605 621 698
37 95 346 481 731 773 864 873
38 69 81 141 219 225 439 452 483 521 782 986
39 276 445 514 647 706 808
40 154 403 493 561 867
41 52 73 75 103 158 543 878
42 70 244 517 571 577 777
43 87 109 122 184 193 312 326 334 337 426 477 569 572 613 801 817 847 860
44 54 72 163 328 427 627 734 979
45 53 160 257 356 398 406 895
46 107 120 124 252 305 331 347 375 377 405 570 589 596 599 661 853
47 74 129 165 300 351 493 605 609 850
48 59 107 162 547
49 388
50 66 282 348 354 396 400 434 540 575 796 834 970
51 160 289 457
52 77 97 114 127 140 149 170 174 207 218 220 233 259 263 265 267 306 314 420 441 486 536 556 671 715 756 805 867 872 959 983
53 78 128 268 291 344 450 473 681 696 748 817
54 58 60 131 161 182 216 218 235 255 288 324 340 345 383 449 553 606 729 865
55
56 121 127 441 822 880 919
57 256 581
58 149
59 99 164 236 417 650
60 292 549 583 802
61 68 88 171 199 490 714 779 883
62 89 96 143 145 266 856
63 179
64 84 95 130 153 176 232 310 489 772 911
65 286
66 271 474 490 871
67 590
68
69 416 495
70 284 528 680 699 933
71 98 132 334 437 567 585 608 677 678 709 716 844 935
72 118 180 238 243 248 255 325 422 471 480 485 598 603 686 695 776
73 139 206
74 103 465 764
75 91 113 250 554 776 778 891
76 89 94 102 137 454 560
77 94 123 175 176 343 347 517 626
78 173 196 407 420 508
79 163 417 682
80 133 159 232 621 866
81 165 509 788 831 884 946
82 129 177 390 408 464 564
83 87 91 263 351 545 657 848 862
84 88 119 258 274 601 612 691 924 939 947
85 115 166 201 409
86 93 98 99 116 174 230 272 276 303 404 512 513 551 676 701 711 980
87 93 202 227 261 341 362 412 703
88 102 108 194 197 325 591 761
89 112 168 380 975
90 318 850
91 259 313 465 573 629
92 241 389 516 787
93
94
95
96 210
97
98 205
99
100 132 215 245 332 411 652 760 841 966
101 194 534 604 816 992
102 455 523 590 882
103 229 378 423 498 945
104 206 619
105
106 609
107 221 254 411 476 550 858 992
108 326 350 618 653
109
110 364 769
111 193 706 895
112 144 285 319
113 212 461 689
114 446 541
115 126 148 242 523 526 585 827 981
116 222 327 390 427 645
117 125 136 216 568 603
118
119 155 279 287 317 558 804
120 130 155 183 438 629 890 931
121 397 447 596 664
122
123 167 238 454
124 280 302 594
125 131 180 183 352 432 434 880
126 179 208 236 486
127 269 320
128 667
129 147 168 308 389 510
130 512
131 137 395 674 689
132 786
133 157 217 275 281 319 374 415 488 567 623 675 906
134 178 431 525
135 189 913 981
136 292 563
137 172 205 293
138 150 919
139 169 452 593
140 188 191 298 728
141 399 563 638 793
142 363 610 614 921
143 296
144 268
145 262 264 460 464 542 654 681 758
146 290 576
147 237 353 750 802
148 388 428 484 783
149 152 234 249 436 453 467 549 800 872 917 954
150 223 539
151 284
152 323 476
153 227 301 491 615 746 885
154 648
155 912
156 186 545 911
157 310 538 635 683 727 763 993
158 199 666 711 819 934
159 203 213 474 543
160 273
161 190
162 809
163 181 185 202 256 617 650
164
165 574
166 298 393 459 568 900
167 359 448 616
168 617 624 680
169 460 468 533 674 695 707 868 935
170 870
171 494
172 424 704
173 742 745 836 988
174 204 414 497 561 642 960 964
175 792
176 342
177 226 381 825 863
178
179 185 682 980
180 247 366 648 996
181 355 687 723
182 249 288 500 771
183
184 280 401 409 665 763 874 879
185 770
186 198 210 222 339 345 759 800 861 999
187 367 371 662 922
188 274 375
189 875 973
190 358
191 469
192 254 358 529
193 203 374 710
194 608 709 920 952
195 730
196 200 201 297 445 467 532 544 620 738 837
197 718 780
198 253 260
199 373 631
200 220 226 443 879 907 913
201 279
202
203 449 953
204 942
205 447 494
206 214 600 630 646
207 271 333 385 442 857
208 212
209 942
210
211 303 320 507
212 229
213
214 239 533 764
215 803
216 317 482 556 673 856
217 360 553 947
218
219 253 430 492 666
220
221 283 433 737
222 640 848
223
224 318 379 380 640 818 884 900
225 308 544 943
226 478 752
227 978
228 360 421 677
229 267 392
230 597
231 295 871 898
232 384 491 507
233
234 348 653
235 277 627
236 293 654
237
238
239 634 723
240 378 413 415 498 721 736 967
241 684
242 316 432
243 302 552 684
244 956
245 783
246
247
248 505
249 705
250
251 273 446 473 577 622 630 727 774
252 257 831
253 659 806
254
255 264 361 916
256 555 670 883
257 365 625 920
258 357 384 524 660 828 909
259
260 315
261 669 732
262
263 429 702
264
265 285 386 451 475 735 798 972
266 291 522 859 896
267 353 470 660
268
269 371 690
270 327 508 694 762
271 282 698
272
273 296
274 304 475 511 820 902 941
275 451 852
276 425
277 301 311 502 579 669 770 835 890
278 286 305 364 391 410 435 501 528 745 847
279
280 565
281 565 615 904 943
282 587 623
283 383 392 589 611 690 918
284 704 797
285 419 504 588 641
286 487 611
287 335
288 514
289
290 537
291 496
292 413 483 510
293 387 618
294 588
295 569 797
296
297 333 703 747 985
298 741
299 649 799
300
301 395 754 982
302 370 537 634
303 439
304 458 496 701 833 909
305
306 886
307 736 921
308 315
309 312 350
310
311 632
312 314
313 841
314 440 530
315 739 989
316 535
317 376 908 951
318
319
320 691
321 339 928
322 637 958
323 369
324
325 391 814
326 372 509 679 834
327 456
328 844
329 394
330
331
332
333 753
334
335
336 858
337 688 971
338 363 881
339 619 651 722 887
340
341
342 600
343
344 461 579 643
345
346 655 845
347
348
349 784
350
351 530
352 357 516 566 659 810
353 527 639
354 440 574 580
355
356
357
358 455 472 482 986
359
360 369
361 595
362
363 775 934
364
365
366
367 462
368 373 953
369 377 502 506 587
370 636 807
371 616 641 773 782
372 515
373 633
374
375
376
377 450 595 719
378
379 402
380
381 404 412 572
382
383 739
384 564
385
386 688 731
387 785 950
388 547 863
389 830
390 431 500 930 948
391 683
392 424
393
394 504 562 658
395 823
396 718
397 584 836
398 485 906
399
400 418
401
402 433
403
404 448 642 743 936
405 487
406 444 664 748 995
407 505 749
408
409 726
410 976
411
412 582 639 975
413 546 613 633 799
414
415 994
416 649
417
418
419 877 918
420
421 750
422 540 842 925
423
424
425 453
426 551 552 889 958
427 932
428
429 729 781
430 497
431 529 984
432
433 765
434
435 671
436 557
437 657 812
438
439 970
440 559 668 815
441 489
442
443 645 757
444 719
445 866
446 538
447 692 702
448 462 741
449
450 578 876
451
452 714
453 503
454
455
456 586 655
457
458
459
460 692 813
461
462 479 522
463 694 977
464 960
465
466
467
468
469 944
470
471
472
473
474
475 518 524
476 511 787 957
477 793
478
479
480
481
482 744
483 720 801 821 941 961 965
484 820
485
486 513
487
488 539
489
490 927
491
492 838
493 499 578 929 945 990
494
495
496
497
498
499 685 811
500 550 607
501 887
502
503
504 760
505 582 786 830 878 938
506 993
507
508
509 566 604 644 882 977
510
511 525 570
512 573
513
514 624 672 852
515 829 952
516
517
518
519
520
521 612
522 700
523 548 807 818
524 790
525 747
526 607 804
527 826
528
529
530
531
532 580
533
534
535
536
537 746
538 971
539 693
540 548
541
542 898
543
544
545
546
547 661 894
548
549 631
550
551 593 795
552 821
553 716
554
555
556 949
557 732
558
559
560 672
561 753
562
563 720
564
565
566
567
568
569 597
570
571 728
572
573 675
574
575
576 781 851
577 647
578 737
579
580
581 592
582
583
584
585
586
587
588 832
589
590 765 849
591 725 874 954
592
593 778
594
595
596
597 662
598 656
599
600
601
602
603
604
605
606 724 775 905 912
607
608
609
610
611
612 699 717 724
613
614 738 842
615 668 678 910
616
617 772
618
619
620
621 998
622 999
623 628 894
624
625 824
626
627
628 893
629 713
630 983
631 968
632
633
634 978
635
636 956
637
638 652
639
640
641
642
643 853 897
644
645 788
646 827
647
648
649
650 721
651
652 925
653 839
654
655
656
657
658 663 761
659
660
661
662 869
663 722
664 899
665 743
666
667 896
668
669
670 931
671
672 939
673 969
674
675
676 903
677 779
678 962
679
680 784 976
681 833
682
683
684
685 771
686
687
688 749
689 974
690 937
691 846
692
693 963 990
694
695
696
697
698
699 780
700 713 726 940
701
702
703
704
705
706
707
708
709
710
711
712
713 740
714
715
716
717
718 864
719 885
720
721
722 756
723
724
725 754
726 789
727
728 854
729
730
731
732
733
734
735
736
737
738
739
740
741 751 823 973
742 810
743
744
745
746 809 816
747 926
748
749
750
751
752 938
753 798
754
755
756
757
758
759 837
760
761
762 851
763 865
764
765
766 963
767 905
768 814
769
770
771 987
772
773
774
775 989
776
777
778
779
780
781
782
783
784
785
786
787 916
788
789
790
791
792
793
794
795
796
797
798 855 929
799
800 862 948
801
802
803
804
805
806
807 996
808
809
810
811
812
813
814 840
815
816 843
817
818
819
820
821
822
823
824
825
826
827
828 915
829
830
831
832
833 892
834
835
836
837
838
839 891
840
841 985
842
843
844
845
846 873
847
848
849 959
850
851
852
853
854 901 991
855
856
857
858
859
860
861
862
863
864
865
866 870 944
867
868
869
870
871
872
873
874
875
876
877
878
879
880 926
881
882 917
883
884
885 955 979
886
887
888
889
890
891
892
893
894
895
896
897
898
899
900
901
902
903
904
905
906
907
908
909
910 974
911
912
913 965
914
915
916
917
918 937
919
920
921
922
923
924
925
926
927
928
929
930
931
932
933
934
935 950
936
937
938 964
939
940
941
942
943
944
945
946
947 951
948
949
950
951
952
953
954
955
956
957
958
959
960
961
962
963
964
965
966
967
968
969
970
971
972
973
974
975
976
977
978
979
980
981
982
983
984
985
986
987
988
989
990
991
992
993
994
995
996
997
998
999
