#C:/Users/timos/Documents/GitHub/simulating-vaccinations/code/network.py
# GMT Sun Dec  2 15:30:12 2018
# 
0 2 21 81 82 179 300 307 364 595 638 767 783 794 857 991 1326 1366 1552 2192 2302 2411 2647 2840 3341 3534 3772 3846 4245 4986
1 2 3 4 5 9 12 15 16 19 20 21 22 31 32 49 67 76 91 95 122 141 159 184 218 220 222 223 224 276 292 313 336 339 393 464 505 541 589 650 671 672 695 710 717 735 810 921 1032 1043 1052 1115 1207 1342 1601 1670 1825 1949 2141 2162 2244 2278 2478 2507 2681 2996 3046 3131 3163 3164 3340 3574 3710 3958 4023 4080 4128 4296 4520 4584 4737
2 3 7 8 10 26 28 32 39 41 65 71 72 121 126 131 150 157 168 174 185 193 202 224 227 232 235 238 239 241 281 287 295 319 323 380 413 479 522 651 654 685 700 702 727 789 842 920 966 973 1023 1097 1130 1225 1250 1331 1352 1373 1401 1470 1494 1646 1654 1684 1868 1935 1943 1991 2066 2078 2081 2083 2140 2148 2196 2294 2335 2369 2377 2409 2413 2492 2713 2721 2727 2831 2857 2859 2899 2909 2919 2976 3257 3282 3320 3409 3463 3527 3813 3851 3914 3950 3961 3999 4248 4496 4773 4901 4962 4966
3 4 9 20 37 92 158 346 521 606 654 670 822 856 878 904 1065 1132 1282 1438 1827 1844 2092 2153 2274 2624 2993 3112 3594 3784 3797 4015 4171 4219 4537 4589
4 5 6 10 14 17 24 46 66 68 109 143 144 149 151 164 174 182 199 206 233 237 277 278 288 294 308 317 388 409 415 442 459 478 509 538 566 579 625 639 647 655 707 804 808 851 863 871 908 938 983 988 1060 1073 1084 1173 1186 1197 1201 1259 1295 1429 1452 1506 1536 1564 1599 1697 1761 1768 1802 1824 1929 1952 1980 2008 2028 2253 2562 2664 2742 2759 2771 2796 2837 2888 2910 2988 2991 3136 3146 3227 3232 3294 3323 3399 3410 3434 3485 3602 3628 3870 3953 3968 4023 4232 4283 4401 4431 4492 4531 4657 4764 4925
5 6 8 11 15 16 17 18 33 34 40 42 49 53 65 66 73 79 85 97 106 113 119 133 141 144 146 165 167 170 228 249 293 322 364 403 404 411 417 431 447 448 475 486 499 524 531 547 550 593 628 634 645 660 697 708 728 742 753 754 759 855 865 941 980 1025 1043 1064 1069 1146 1202 1256 1285 1297 1313 1324 1336 1389 1459 1480 1513 1531 1539 1556 1716 1740 1780 1783 1878 1884 1885 1889 1934 1964 1970 1993 1998 2000 2046 2076 2086 2100 2152 2272 2342 2650 2775 2782 3047 3092 3101 3150 3180 3246 3250 3271 3345 3436 3486 3503 3516 3592 3596 3686 3779 3812 3948 4077 4089 4100 4147 4208 4345 4399 4404 4419 4503 4575 4686 4770 4850 4894 4899 4953 4967
6 7 14 18 36 42 50 56 74 98 101 102 108 118 175 195 256 276 282 368 391 404 470 496 533 540 549 637 656 723 737 762 830 882 903 909 932 937 1015 1051 1065 1070 1085 1102 1174 1271 1377 1378 1475 1527 1554 1582 1614 1621 1682 1686 1819 2061 2133 2163 2209 2240 2264 2489 2687 2760 2820 2899 2917 3157 3270 3476 3878 3905 4037 4089 4182 4234 4240 4348 4441 4471 4504 4681 4739 4747 4779
7 12 13 19 29 30 36 37 68 83 87 89 106 113 123 142 184 189 197 201 250 271 340 385 401 423 439 491 609 620 668 680 745 802 838 844 899 990 998 1111 1307 1668 1842 1902 2029 2093 2121 2285 2369 2392 2505 2601 2602 2735 2762 2765 2784 2819 2826 2844 2861 2876 2983 3216 3248 3388 3490 3816 4017 4152 4295 4319 4538 4718 4775 4917
8 22 25 26 43 88 183 192 254 542 719 737 782 994 1576 1805 1938 2278 2477 2584 2679 3711 4121 4238
9 11 27 62 80 83 89 139 167 180 384 413 509 806 917 984 993 1562 1696 1698 1851 2351 2937 3364 3376 3617 3766
10 44 57 59 91 109 309 501 805 1415 1551 1894 2260 2476 2629 2986 3169 4193 4965
11 152 157 171 250 257 335 454 526 547 744 1233 2192 2778 2839 3076 3645 3742 3743 4204 4490 4672 4785
12 13 23 31 51 135 162 166 266 273 291 340 378 379 455 502 552 628 657 677 758 1061 1203 1254 1482 1587 1877 2099 2617 2837 2860 3148 3542 3736 3973 4269 4365 4484
13 77 172 328 387 457 797 948 1206 2475 2510 2790 2906 4536 4661 4662
14 25 76 98 222 1096 1140 2383 3237 3459 3488 3848 4201 4518 4626
15 92 206 223 664 711 1034 1159 1590 1909 2471 2503 3101 3302
16 23 30 38 44 55 56 186 191 416 478 530 602 848 929 991 1003 1130 1262 1463 1581 1598 1859 1885 1986 2007 2166 2256 2365 2484 2578 2581 2765 3216 3335 3794 3856 3866 3887 3895 4271 4355 4469 4713 4780 4832
17 24 52 81 82 132 185 300 312 332 333 353 357 409 482 515 518 584 592 621 632 641 716 854 867 897 989 1006 1011 1021 1031 1108 1147 1292 1356 1568 1570 1622 1748 1798 2090 2098 2185 2259 2268 2306 2601 2670 2729 2748 2839 2871 2921 3105 3120 3217 3221 3311 3666 3704 3749 3983 4111 4157 4303 4345 4665 4931 4939
18 41 62 77 165 284 342 519 793 1409 1528 1955 2076 2114 2547 4165 4707
19 27 39 54 64 75 80 111 120 137 145 290 292 350 374 477 489 529 551 557 579 586 602 658 979 1038 1076 1319 1517 1668 1673 1776 1812 1953 2003 2145 2170 2239 2299 2336 2350 2443 2491 2807 2836 3435 3614 3873 4077 4351 4410 4573 4761
20 261 1119 3058
21 28 43 45 51 78 255 337 389 467 560 580 687 1427 1524 1630 1968 2037 2320 2667 2956 3119 3468 3481 3781 3793 3924 4415
22 35 108 117 137 160 258 357 468 770 803 818 1101 1627 1776 2231 2367 2661 2846 3120 4330 4458
23 78 87 218 326 330 371 430 460 497 564 618 732 780 787 961 1087 1448 1497 1749 1767 1803 1956 2052 2340 2472 2918 2925 3408 3603 3618 4082 4197 4284 4564 4890 4993
24 35 116 416 428 458 487 504 517 745 768 802 847 895 905 908 997 1067 1258 1419 1591 2361 2390 2468 2530 3308 3323 3397 4233 4801
25 58 60 61 63 69 84 120 125 155 187 341 346 348 376 406 453 456 463 492 524 552 556 682 746 785 977 1009 1122 1169 1333 1340 1374 1473 1494 1591 1699 1848 2016 2030 2034 2125 2131 2135 2150 2327 2582 2594 2645 2701 2708 2731 2925 2943 2965 3247 3461 3604 3683 3937 4113 4557 4559 4719 4869
26 29 34 53 54 90 93 205 219 449 761 773 1010 1075 1241 1359 1543 1653 1973 2125 2321 2567 2781 3427 3453 3481 3543 3605 3778 3885 3956 4868
27 47 63 149 150 311 377 419 508 569 971 1042 1135 1250 1441 1572 1691 1811 2022 2084 2183 2309 2637 2660 2843 2883 2907 3308 3541 3667 3739 3806 4140 4411 4437 4727 4927
28 86 94 96 153 310 383 491 543 560 650 706 784 795 1230 1260 1308 1388 1833 2044 2045 2338 2810 2969 3116 3197 3547 3600 4501 4579 4728
29 38 50 57 100 221 236 261 337 410 425 454 514 559 597 680 779 840 1224 1240 1574 1663 1774 1785 1854 1962 2174 2247 2358 2371 2428 2863 3230 3245 3254 3348 3495 3627 4266 4389 4508 4535 4813 4821
30 33 94 147 161 170 377 407 619 776 1030 1105 1462 1711 1911 2752 2884 3078 3898 4622
31 59 73 88 96 110 136 265 267 311 347 350 358 518 577 606 645 724 728 828 891 1199 1213 1278 1299 1318 1352 1367 1486 1758 1839 2067 2087 2107 2225 2894 2897 3112 3299 3567 3661 3967 4033 4140 4153 4214 4380 4581 4798 4868
32 467 1030 1248 1587 3197 4694 4811
33 112 128 153 352 1002 1016 1226 1879 2033 2527 3278 3586 3733 3777 4682
34 111 349 681 712 1228 1834 2181 2352 3205 3320 3837 3862
35 114 126 198 345 358 385 412 426 471 506 863 1011 1090 1097 1471 1730 2091 2148 2674 2723 3027 3138 3256 3337 4292 4763
36 97 127 132 211 272 290 318 325 341 449 678 744 943 1530 1619 1641 1784 1829 1843 1888 1940 2616 3056 3061 3721 4270 4878
37 124 148 4332 4406 4569
38 219 3059 3791
39 40 163 177 215 217 296 359 393 432 568 591 981 1080 1183 1302 1443 1857 1874 2074 2213 2374 2519 2618 2636 2971 3020 3210 3259 3908 3941
40 46 72 195 283 584 1180 1251 1374 1408 1603 1759 1773 1924 2113 2930 3086 3326 3366 4831 4891
41 102 152 178 249 344 495 578 639 667 709 809 828 1068 1093 1163 1204 1253 1312 1837 2037 2067 2372 2470 2511 2600 2641 2790 3284 3754 3918 4250 4374 4460 4524 4836 4863 4877
42 227 511 642 1012 1341 1651 1948 1953
43 61 95 104 112 138 140 162 243 269 301 309 360 368 400 402 421 427 430 440 444 451 456 465 592 611 661 689 773 888 911 963 982 1032 1184 1189 1196 1199 1339 1354 1435 1479 1620 1816 1987 2063 2078 2094 2115 2215 2296 2400 2460 2495 2587 2619 2659 2767 2881 2915 3011 3037 3108 3241 3270 3349 3379 3450 3460 3478 3536 3566 4031 4064 4249 4332 4349 4350 4555 4584 4709 4775 4795 4896 4933 4957
44 45 52 71 169 263 376 387 405 861 1195 1472 1500 1739 1780 1944 1966 2001 2135 2436 2443 2971 3166 3223 3484 3960 4024 4361 4566 4810
45 47 48 103 124 133 143 148 161 164 240 262 266 287 319 320 329 365 369 375 442 514 554 725 988 1114 1122 1133 1300 1350 1394 1555 1569 1684 1737 1807 1810 1880 2179 2287 2298 2326 2356 2523 2572 2623 2688 2707 2738 3377 3549 4069 4114 4244 4347 4961
46 48 67 93 166 182 211 289 402 586 590 599 633 694 836 1074 1550 1580 1626 2102 2206 2482 2758 2789 2947 3014 3543 3545 3856 3965 3992 4157 4321 4647
47 101 107 156 177 275 322 465 498 676 901 962 1082 1086 1270 2137 2227 2255 4407 4840 4916
48 60 64 180 192 244 260 325 384 421 685 961 975 994 1301 1873 2046 2429 2847 3229 3430 3974 4141 4798
49 315 418 746 2401 2592 3561 4160 4381 4387 4417 4983
50 55 74 85 90 110 127 129 175 181 275 279 299 324 327 370 373 374 414 420 441 451 464 475 492 498 565 649 674 677 730 811 841 865 953 1235 1255 1269 1277 1281 1328 1356 1545 1560 1637 1655 1813 2085 2151 2169 2233 2330 2470 2579 2673 2831 2929 2964 3001 3062 3121 3188 3266 3295 3384 3494 3572 3924 3943 4103 4117 4601 4613 4728 4899 4966
51 70 122 388 601 706 1005 1882 2568 4103 4799
52 69 156 198 398 688 739 843 1074 1334 1849 1969 2023 2091 2162 2438 2593 2720 2849 2896 3650 4191 4545
53 114 115 123 151 158 159 189 207 210 231 244 265 333 338 351 484 534 585 1020 1050 1148 1268 1323 1329 1422 1823 1982 2258 2731 2952 2998 3029 3300 3372 3498 3516 3673 3816 4079 4266 4563
54 1632 2985 4972
55 209 230 268 463 535 555 603 660 722 1327 1386 1595 1721 1905 1941 2051 2430 2605 2787 2854 3073 3422 3518 3587 3663 3708 3926 4221 4429 4737 4900
56 58 84 139 196 234 418 452 574 825 873 1045 1049 1145 1611 1647 1692 2377 2444 3448 4386
57 411 741 763 1194 3665 3922 4105 4556
58 2026 2798 3544 4051
59 525 543 623 1126 1134 1143 1904
60 397 484 947 1024 1066 1354 1477 2039 2082 2293 2666 2824 3090 3358 3774 4461 4945
61 212 622 824 989 3654 4405 4464
62 173 343 394 595 632 1144 1450 1468 2136 3639
63 79 103 676 1376 1416 2365 2447 2540 2892 3758
64 105 130 183 240 258 328 355 379 659 756 974 1046 1054 1083 1150 1392 1435 1503 1663 1742 2060 4161 4550
65 70 176 178 188 203 268 406 588 617 622 662 829 849 1192 1769 1933 2238 2339 2987 3376 3432 3601 3930 3980 4030 4340 4364 4423 4696 4760 4958
66 252 306 462 561 1507 2153 2362 3012 3642
67 118 1230 1737 2460 3280 3955 4160 4205
68 75 135 208 229 367 383 426 482 522 523 900 998 1069 1166 1430 1489 2121 2963 4243 4526
69 179 365 380 410 511 629 630 830 877 1141 1200 1675 2143 2286 2308 2463 2609 2832 2863 3018 3027 3143 3169 3235 3704 4028
70 119 260 576 617 820 953 1133 1735 2020 2028 2382 3176 3247 3521 3582 3822 3963
71 168 363 647 1804 4603
72 99 107 136 194 378 734 764 767 845 2273 2412 2497 2582 2695 3507 3557 3703 3786 3855 4052 4341 4440 4489 4951
73 332 1075 1287 2082 2310 3412 4616
74 199 474 695 996 1459 1890 1943 2234 2320 2521 2609 3426
75 163 230 610 838 1090 1161 1215 1413 1421 1695 2210 2991 3939 4006 4011 4216 4969
76 100 1009 2689 2840 2918
77 146 200 470 520 572 1152 1537 2129 2205 3619
78 924
79 104 116 138 154 212 216 226 238 305 343 504 528 714 751 796 835 883 919 944 1044 1066 1119 1461 1680 1721 1750 1767 1806 1866 2271 2691 2754 3146 3161 3244 3283 3333 3537 3540 3671 3794 3855 3875 4024 4139 4170 4227 4300 4392 4452 4519 4598 4614 4713 4844
80 355 671 2419 2459 3152 3445 3677 4461
81 99 246 581 609 775 1440 1703 2047 2895 4690 4930
82 424 600 887
83 86 336 764 831 913 917 1803 2124 2845 4056 4062 4836 4937
84 145 438 597 1211 1862 3223
85 203 204 351 733 2721 3334 4336 4784
86 861 1290 1405 1465 2662 4526 4941
87 235 264 399 513 1701 1828 2106 2204 2221 2372 2823 2850
88 414 462 1155 1896 2612 2676 3537 4323 4672
89 596
90 134 1681 1814 2222 4613
91 822 3571 4777
92
93 181 253 887 1121 1685 2421
94 556 568 834 1078 1162 1270 1316 1382 2075 2423 3373 3774 4566
95
96 714 725 755 3276
97 154 427 461 1138 1656 2671 4426
98 229 342 551 1277 1338 1443 1690 1844 2612 2910 3068 3267 3356 3667
99 105 245 429 885 2038 4044
100 494 539 563 698 1198 1447 1733 2473 3099 3237 4658
101 604 1488 2396 3354
102 129 187 190 213 286 363 392 436 490 623 1209 1677 2399 3187 3260 3322 3756 4189
103 131 225 236 316 1038 1121 1466 2946 3912 4474 4750
104 1142 1282 1411 1872 3207
105 433 1379 1626 1662 2095 3078 4982
106 115 142 186 293 313 347 969 1112 1228 1229 2143 2633 2655 3325 3922 4029 4143 4592 4745
107 125 130 196 608 615 824 846 1395 1793 1864 2290 2686 3132 4617 4814
108 117 121 262 786 800 1319 1431 1492 3225 3715 4115
109 254 308 329 558 801 868 1034 1059 1104 1330 1585 1667 1850 3387
110 257 277 297 339 530 636 807 873 1021 1740 3239 3935 3960 4416
111 193 519 913 1027 1081 2115 2123 2263 2447 2580 2969 3115 3528 3656 4199 4430
112 237 545 1469 1673 4466
113 270 1089 2970 3812 3842
114 205 4666
115 202 302 1063 1144 1373 1922 2869 3312 4116
116 221 930 945 1938 2208 3424 3575
117 128 256 435 587 1322 1629 2009 2504 3286 4680 4753
118 197 450 539 572 600 1098 1187 1416 1561 1635 1720 2002 2026 2140 2576 2912 3174 3177 3255 3416 3697 4511 4970 4992
119 147 613 795 1301 1340 1645 1937 2393 2785 3095 3579 3680
120 1159 1712 2394
121 302 394 653 780 951 964 1026 1071 1113 1141 1221 1355 2432 2489 2748 3614 3623 3719 3747 3849 4604
122 307 564 881 1582 1614 1621 2419 3075 3413 4539 4954
123 417 472 507 527 529 760 891 968 1407 1512 1671 2190 4383
124 140 334 567 594 797 1245 1468 1541 1653 1709 2176 2685 2935 3350 3896 4102 4610 4827
125 210 2523 3600
126 599 614 827 833 987 1525 1652 2074 2307 2800 2881 3098 3814 4066 4438 4655
127 284 2605 3529
128 172 194 298 466 516 915 1114 1418 2127 2435 2829 4371
129 2809 3624 3854
130 160 305 359 371 765 1618 2242 2319 2585 2945 3958
131 134 273 369 395 455 480 499 729 935 957 1171 1273 1275 1696 1719 1732 1738 2024 2289 2474 3379 3444 3651 3832 4322
132 214 270 280 398 471 649 1040 1205 1502 1535 2995 3452 4343 4980
133 278 349 354 1274
134 201 320 419 679 959 1773 1900 2168 2308 2777 3431 3650 4053 4316
135 1602 2177 4739
136 248 736 1291 2966 4766 4774
137 215 243 247 788 801 805 1088 1394 1475 1583 1744 2042 2126 2434 2521 2625 2732 2742 2783 4487 4582 4845
138 264 316 396 443 490 580 629 985 1082 1610 1760 1961 2033 2724 2886 2915 2990 3719 4225 4663 4813
139 204 317 644 769 813 958 1013 1439 2149 2433 2438 2981 3011 3181 3252 3385 3390 3787 3839 3882 4591
140 641 1380 1599 2232 2719 3477 4256
141 517 655 766 1460 1986 2555 3049 4237 4502
142 297 473 624 823 864 893 2097 2967 3013
143 489 1004 1713 2030 4076 4156
144 280 719 1302 1444 2227 2237 2350 2648 3104 4088 4341 4825
145 155 281 285 1380 1398 1768 2779 2960
146 397 3268
147 845 1167
148 171 208 271 274 321 372 477 570 778 796 1027 1305 1320 1341 1372 1928 1945 2261 2282 2435 2590 2817 2858 2904 2951 3329 3435 3539 3583 3740 3773 3996 4108 4363
149 169 220 239 288 372 486 594 726 1103 1107 1219 1428 1474 1573 1584 1600 1609 1638 1646 1736 2058 2261 2454 2774 3009 3103 3165 3179 3224 3590 4151
150 326 974 1946
151 245 366 391 500 670 1478 1697 1887 2158 3804 3944 4115
152
153 200 938 3973
154 173 457 821 835 912 1080 2186 3025 3087 3511 4201
155
156 190 263 283 312 327 382 625 692 1146 1259 3384 4353 4985
157 176 253 279 386 420 448 481 531 644 738 779 875 886 972 1025 1187 1188 1192 1399 1562 1569 1631 1682 2040 2041 2466 2467 2481 2757 2922 3031 3449 4048 4066 4069 4299 4335 4409 4467
158 485 956 1375 2094 2164 2333 4462
159 466
160
161 738 1406 1832
162 570 902 1294 1548 1798 1818 3440 3465 4893
163 1077 1093 1898 2207 2620 4414
164 242 501 540 578 923 1934 2313 3052 3098 3425 3825 4315
165 188 314 483 696 774 1325 1537 2189 3158 3504 4279 4817
166 439 4723
167 1214 1406 1498 1679 1861 2013 2640 4392
168 1062 1831 2544
169 217 390 432 438 596 978 1388 1549 1555 1612 1712 2422 2749 3647 3867 4390
170 299 875 926 1377
171 225 242 450 503 666 741 856 1832 2691 3919 4235 4535
172 2015 2093 4931
173 228 360 437 575 860 1235 1306 1704 2407 2574 2713 3818
174 234 324 331 403 898 1008
175 2252 3679
176 191 207 352 433 808 1981 2288 3501 3870 3933 4014 4557
177 2680
178 922
179 233 2313 3359
180 366 381 422 1029 1323 1847 2856 3093 3451
181 330 1139 1525 1688 2159 2215 2315 2513 3070 4742 4869
182 611 615 674 793 1014 1175 1592 1997 2058 2509 2928 3559 3563 4449 4514 4667
183 833 1128 1292 1971 2019 2770 4751
184 209 286 289 794 814 1342 1371 1412 1431 1495 2267 2356 3178 3210 3457 3809 4046 4552 4588 4804
185 1604 1701 2179 3221 3987
186 2195
187 318 693 883 1371 1931 1987 2238 2418 2694 3492 4866
188 1456 1595 3491
189 274 697 850 866 1193 1207 1237 1520 2246 2380 2432 2495 2500 2514 2808 3068 3118 3853 4541 4909
190 527 669 672 839 925 1124 1434 1717 1794 2176 3803 4028 4326
191 248 1304 1631 1788 1884
192 476 508 1272 2403 3811 4657
193 338 648 1389
194 231 259 593 742 1001 1491 3028 3127 3711
195 241 576 646 2345 2431 2767 4016
196 2948 3177 4295
197 612
198 373 627 884 1058 1226 1594 1772 2700 3598 3705 4605 4718
199 252 314 460 544 727 1280 1448 1464 1520 1703 1871 2364 2405 4555
200 434 503 747 1039 1321 1541 1836 1950 3091 3226 3552 3563 3636 3977 4067 4139 4207 4440 4981
201 214 367 960 1217 2130 3362
202 331 693 734 1266 2384 2393 3214 3919 4589
203 247 428 686 1513 2049 2852 2999 3549
204 216 323 415 967 1004 1280 1534 1661 1741 2138 2556 2717 3364 3502 3798 3890 3955 4302 4486 4529 4634
205 246 259 294 304 446 528 701 1022 1217 1596 1810 1988 2123 2326 2367 2420 2656 2764 3065 3264 3431 4075 4351 4357
206 226 752 895
207 213 1710 1723 3446 3673
208 401 1015 1212 1310 1364 1742 2337 3429 3504 3897 4241 4413
209 1229 3657
210 699 1112 2424 3822
211 251 880 922 2796
212 665 777 852 1048 1396 1811 2655 2811 3422 4470
213 356 436 546 2537 2567 3050 3462 3874 4168 4220 4776
214 620 1364 1806
215 769 1135 1244 2795 3585 4590
216 1191 1519 2687 2911 4231
217 1332 2127 2426 2455 2673 2884 3238 3258 4173 4451
218 285 717 1094 1424 1432 1627 1797 2689 3006 3560
219 232 488 1041 1366 2166
220
221 251 296 542 1142 2547
222 405 431 892 1315 1622 2167 3833 4513 4594
223 1210 1632 1718 1860 2746 3170 3181 3757 4918
224 825 1064 1087 2378 2665 4475
225 255 493 536 789 967 1245 1558 1873 3194 3253 3343 4277 4419
226
227 429 2216 2481 2529 3748 4669
228 607 900
229 395 731 1019 1347 1796 1899 2533 2543 2768 2868 4209
230
231 272 282 304 652 692 698 869 1193 1391 1660 1729 1901 2237 4479
232 375 399 408 1480 1568 2059 2259 2614 3731 4729
233 630 1177 3017 3634 4220
234 837
235
236 545 924 1289 1402 1437 1623 2480 2568
237 267 510 4144 4950
238 713 858 2482 4673
239 424 1942 3071 3406 4022
240 295 361 435 605 790 1164 1589 1607 1899 2908 3368 3428 3529 3700
241 303 345 612 878 1824 2717 3392
242 3303
243 811 995 2712 3724
244 627 716 942 1166 1846 4070
245 459 853 1031 2180 2360 3072 3410 3498 3530 3991
246 923 1303 1392 1693 1700 1913 2445 2604 2807 3403 4040 4647 4900
247 291 344 566 664 882 1328 1990 2036 2173 2216 2218 2938 3244 4027 4210 4816
248 381 571 684 810 1104 1145 1921 2318 2524 3080 3920
249 485 2122 2852 3438 4390
250 506 669 1045 2194 3730
251 396 1923 2203 2355 3274 4269 4881
252 520 549 729 736 872 1466 1800 2319 3863 4116 4627
253 619 3696
254 1100 1129 2190
255 775 1017 1351 3346 3967
256 269 536 1111 1334 2219 2343 2441 2458 2519 3005 3369 3930
257 303 1414 2659
258 301 1123 1974 2109 2632 3417
259 550 557 605 638 1285 1439 1615 2580 4122 4257 4863
260 755 3576 4818
261 298 1879
262 362 392 533 538 1542 1571 1658 1705 1886 2381 2801 3037 3102 3204 3269 3489
263 2791 3193 4213
264 306 3940
265 718 941 1232 1915 1988 2291 2974 3347 4480 4650
266 829 2391
267 688 778 902 1429 1592 2018 2262 2548 3085 4638 4846 4979
268 1623
269 781 1007 1033 1400 2644
270 1849 2309 2725 3706
271 335 353 390 412 458 652 682 724 772 1006 1028 1218 1441 1460 1532 1685 1755 1760 1820 2599 2823 2860 2893 2986 3208 3236 3664
272 510 643 909 1522 1659 1735 3336 3464
273 3801 4190
274 1567 1765 2363 2465 4223
275 1094 1101 4324 4867
276 740 962 983 1095 1126 2556 2598 2995 3074 3525 3556 4445
277 904 1376 1840 1863 2055 3211 4940
278 2231 2394 3412 3906 4074
279 4700
280 613 1338 1994 2035 3411 4400
281 315 703 847 1013 1160 1597 1617 2513 2803 3040 3918
282 437 978 1408 1557 1830 2042 2068 2487 4098
283 2756 3057 3182 4715
284
285 356 472 494 1005 1912 1997 2385 2898 4838
286 310 686 885 965 1044 1234 1258 1310 1560 1649 1915 2077 2690 3000 3190 4144 4620
287 1092 1639 1978 2161 3613
288 899 1002 1123 1335 1504 1579 1669 2368 2754 2961 3145 3246 4034
289 1264 2106 2830 4641
290 3526
291 334 361 513 1360 2183 2426 3442 3536 4226 4662
292 1853 3639 4730
293 815 2450
294 1161 1237 1415 2054 3911 4559
295 481 750 906 1020 1324
296 1995 2133 2181 2532 3085 4129
297 453 516 679 915 1024 2120 2920 3402 4309 4441
298 526 1535 1714 2537 3126 4007
299 321 1197 1355 1570 3680 4681
300 1178 1789 1826 1883 2068 2185 2398 2552 3285 4637 4641 4815 4835 4903
301 757 881 2887
302 1186 1694 2359 3800
303 3307
304 1458 2729
305
306 898 1095 1345 1615 1695 2012 2530 2866 4567 4710
307
308
309 591 940 951 1157 1425 2236
310 939 2052
311 748 1311 1729 2557 4513
312 559 1261 1370 1578 1985 3505 3645
313 537 554 1102 1118 3905 4297
314 488 502 1039 1267 2050 2157 2903 3445 4998
315 653 3558 4722
316 422 656 748 985 1125 2240 3039 3383 3729 4926
317 581 782 980 1189 1931 2223 3612 3679 3810 4928 4972
318 616 646 1057 1272 1369 2975 3398 3839 3899 3962 4616
319 666 771 916 1152 1164 1246 1790 2188 2883 2933 3712 4932
320 3582
321 476 788 1499
322 469 1313 1609 1766 1875 2108 2541 2627 3620 4617 4875 4885
323 910 1629 2427 3151 3452 4051 4595 4973
324 712 1107 1318 1516 2814
325 1181 1523 3288
326 474 876 965 979 2184 2827
327 598 2637 3043 4119
328 445 546 3242 4002
329 423 1116 1165 2160 2337 2525 2862 2936 3574 3799 3869 4163 4727
330 651 1972 4848
331 354 440 447 722 749 760 1236 1273 1423 1463 1594 1728 1948 2014 2069 2262 3082 3332 3409 3631 3824 3934 4861
332 1969 3122 3188 3457 3655 4431
333 348 443 886 1110 1495 1521 2841 3713 4957
334 1508 1893 2141
335 2483 2982 3857 4987
336 721 858 1327 2137
337 1165 1343 1532 2651 2804
338 2678 2957 4738
339 565 1619 1681 3004 4735 4828
340 944
341 925 950 1677 1983 2155 3275
342
343 370 631 739 1016 1650 2549 2684 3523 3687 4809
344 690 699 936 1238 2498 2946
345 386 703 879 1490 1764 2247 2780 3588 4317
346 807 4521
347 537 784 1928
348
349 515 766 1205 1528 1545 1689 1779 3154 3817 3969 4260
350 2112
351 2122 2214
352 577 642 704 993 1221 1471 2060 2285 2851 3089 3707 4053 4249 4991
353 4325 4528 4643
354 362 495 804 1168 1556 2180 2225 2287 2297 2622 2905 3890 4110 4436
355 1200 2307 2349 3472
356 809 3313 4275 4373
357 855
358
359 425 4021
360 525 661 747 1057 1812 1984 2947 4243
361 616 939 3064 3947
362 400 932 1444 1678 2931 3651
363 848 1761 2562
364
365 643 813 1489 1718 1821 1878
366 382 469 1127 1523 1543 1666 2120 2416 2841 3001 3568 3876 3933 4538
367 1156 1699 2566 4661
368 493
369 445 553 952 1652 4817
370 589 929 1017 4355 4653
371 389 408 635 713 827 1000 1018 1078 1433 1590 1728 1825 2303 2553 2642 3282 3521 3605 3900 4331 4873
372
373 523 567 876 1035 1317 1509 1751 1863 1870 1919 2172 3067 3963
374 1059 1762 2493
375 648 701 918 1029 1385 1414 1454 1755 2168 2312 2751 3041 3153 4845
376 2170 4035
377 1600 4992
378 461 1445 3382
379 434 1360 1723 2139
380 444 2741 3609
381 3134 4572
382 635 665 1650 3287 3580
383 497 562 640 691 931 972 984 1138 1246 1286 1485 1925 2295 2775 2891 3066 3184 3321 3530 3694 4544 4748 4854
384 2645
385 1084
386 1335 1386 1763 1770 3767 4771
387 1731 3015 4210
388 711 2212 2819 3081 3528 3643
389 673 1522 1698 2324
390 598 911 959 3966 4473 4474
391 903 1430 3175 3975 4505
392 500 1743 3091
393 407 997 1937 2006 3005 4743
394 844 1109 2618 3628
395 787 1046 1734 2740
396 468 675 687 1052 1736 2167 3163 3785 4228
397 949 1847 2114 4262
398 700 715 1837 3401 4929
399 1100 3144 4852
400 1218 3565
401 732 859 4218 4435
402 816 3064 3368
403 473 1722 3165
404 441 446 763 926 1461 1766 1920 2976 3152 3218 3811 3946 4372 4533
405 2081 2763 2977
406 626 955 1210 1640 2283 3484 3928 4236 4337
407 894 2420
408
409 496 675 981 2493 3891
410 1603
411
412 608 618 2442 3632 3892 4048
413 1717 2282 3752 4571
414 681 901 2964 3151
415 662 934 1055 1168 1358 1421 1499 1544 2454 3369 3828 4317 4562 4649
416 1679 4191
417 1071 2226 2709
418 480 1410 1970 2932 3556
419
420 483 750 758 976 1436
421
422 1636 4133 4194
423
424 1108 1346 2735 4465
425 799 935 1510
426 521 553 657 720 723 843 1359 1390 1400 1514 1539 1657 1868 2079 2302 2558 4174 4179 4255 4384 4439 4695 4729 4822
427 1098 1674 2604 2853 3381 3531
428 1036 2675
429 1337 1757 2276 3470 3652 3683 4837
430 574 667 3832
431 452
432 479 720 1769 1955 2401 3627
433 505 512 582 710 1553 1891 2270 2463 2763 3183 3533 4187
434 2054 2402 3262 3286 4270
435 583 792 896 1870 2815 4724 4884 4938
436
437 819 2745 3008
438 1588 2128 3050
439 659
440 541 2144 2818 2889 3611 3921
441 561 1640 1800 1996 2251 3482 3892
442
443 532
444 1086 1786 3753 4692
445 2540 3009 3155 3619 4684
446 683 786 2902 4378
447 582 756 2957
448 558 633 946 1131 1384 1428 1853 2020 2516 4889 4930
449 535 2145 2783 3682
450 2410
451 919 992 1254 1578 3167 3819 3864 4575
452 544 631 836 3330 4215
453 3980
454 759 970 2219 2300 2753 2798 4092 4349
455 487 583 869 966 1284 1349 1353 2722 4094 4977
456
457 1550 2117 2653 3581 3718
458 743 776 777 4892
459 1951 2228 3781
460 563 749 781 798 864 1154 1357 1605 2657 3606 3808 4131 4163 4380 4704
461 3228 3463
462 548 705 3648 3795
463 1179 1279 2160 2583
464 532 765 1153 1801
465 986 2551
466 2621 3374
467
468 689 2311 3003 4188
469 821
470 1876
471 818 1777 2520 2662 3480 4760 4970
472 912 1236 2409 3793 3945
473 621 964 1151 2383 3602
474 607 1886 2334
475 1586 2418 2747
476 3721 4640
477
478 1813
479 892 1070 1308 1739 2245 2627 2927 3835
480 2264 2706 2868 3047 3404 4288
481 867 2723
482 927 1139 1261 1540 1797 2169 2198 3284 4691 4908 4933
483 512 614 640 791 975 1156 1361 1939 2577 2654 2697 2985 4058 4551 4688 4738 4768 4812
484 1297
485 3229
486
487
488 626 971 1129 1167 1447 2581 2960 4698 4874
489 1213 3509 4421
490 684 694 799 1079 1243 1547 2554 2903 3074 3964 4167 4190
491 610 791 1727 2010 2131 2545 2752 2939 2945 3555
492 3142
493
494
495 704 1745 3388 3771 4164 4518
496 636 1041 1559 1795 2056 2316 2906 3974 4482
497 1134 1972 2865 3117 4088 4090
498 573 604 800 832 1158 3257
499 783 1276 2071 2450 2486 2886 3175 4298 4595
500 1173 1488 3142
501
502 534 548 569 709 957 970 1149 1177 1249 1504 3199 3541
503 507 1047 1048 1481 1546 2652 3060 3700 4833 4989 4997
504 624 1056 1220 1910 2187 2759 2989 3782 4099
505 1265 1300 2103 2111
506 860 916 1424 1433 1602 2346 2811 2825 2992 3621 4040 4246
507 1026 1962 1992 2967 3902
508 590 897 1263 1880 3762 4582
509 1741 2055 4648
510 603 668 1453 1960 3690 4083
511 562 1240 1242 1432 1518 2104 4611 4636 4864
512 2205
513 1895 2593 3835
514 585 1182 1195
515 1309
516 3212
517 575 715 896 1648 2816 2890 4705 4747
518 790 1919 2031 2502 3324 3469 4787
519
520 956 2236 4030 4308
521 587 588 1099 1169 1375 1451 2155 2389 2958 3036 3213 3723 4166 4175
522 4642
523 1551
524 555 945 1248 1331 1365 1484 2417 2480 3084 3242 3316 3625 4937 4971
525
526 1655 2542 3844
527 1383
528 1124 1208 2328 4159 4396 4412 4542
529 1588 3107
530 1281 2546 3735 4386
531 663 2023 2555 3554 3607 4859
532 1079 1381 3896 4247 4509
533 999 1754 2518 2531
534
535
536 4255
537 678 2705
538
539 3138
540 2890 4202
541 1295 2150 3051
542 817 1174 1916 2139
543 690 696 740 839 969 1049 2606 3554 4079 4462 4857
544 1403 2781
545 1083 3038 3386 3520
546 1018 1756 2412 4307
547 868 1382
548 850 1645 2011
549 571 735 2656
550 831 2062 2451 2992 3417
551 1770 4197
552 691 2220 2224 3110 4612
553 2267 2907 3971
554 880 1225 2517
555 1241 1242 1486 1508 3754
556 857 1091 1103 1437 1958 2142 2408 3470 3649 4145 4196
557 2314 3764 3827
558 1010 1552 1883 2855 3160 4564
559
560 718 996 1936 2586
561
562 888 928 2650 2714
563
564 634 2803
565 806 812 1321 2952 3987 4551 4706 4872
566 573 683 751 1903 1958 3073 4258 4311
567 792
568 948 1054 2520 3455 4067
569 870 1278 1576 2649 3083 3553
570
571 1817 2413 2739
572 601 705 862 1076 1115 2270 2375 2564 4943
573 771 1105 1690
574 853 1926 2716
575 798 1329 1436 1784 2455 2465 3353
576 2464
577 832 3620
578 1914 2305 2499
579
580
581 1385 1482 1771 2363 2733 3131
582 1546 2063 2686 2979 3230 4424
583 673 1287 1363
584 4586
585 2990
586 987 3111 4354
587 768 1110 1190 1252 1396 1921 2711 3262 3287 3419 3538 3686 4183 4645 4988
588 2198 3277
589 2092
590 1455 2268
591 2006 2263 4367
592 2563 3162
593 1072 3850
594
595 3186
596 1247 4043
597 2332
598 2249 3770 4132 4453
599 702 1553 2043 4099 4277 4654
600 1401 1483 2059 2433 4126 4697
601 1730 1912 2395 2486
602 1990 2136 2306 3759
603 1099 1227 1930 2315 2724
604 819
605 762 950 1211 3022 4778
606 1949 3455
607 3805
608
609 1881 1903 2213 3029 3060 3844 4136
610 2018 2276 3705
611 2898 3191 3770 4108 4666 4850
612 4129
613 879 1393 2050 2070 3161 3430 4370
614 1106 1332 3106 4630
615 2353 2474 2587 3072 4906
616 1379 1563 1951 2064 2253 2295 2379 2943 3400 4447 4844
617 862 1304 4367
618 637 889 1315 1566 1644 1910 3322
619 2507 2571
620 942 2101 3293
621
622 2341 3168
623 1417 4358 4953
624 933 2158 2201 4133
625 726 761 1322 1686 2112 4546
626 2305 2591
627 708 1149 1512 1529 1700 1789 2017 3443 3454 4454 4504 4621
628 3630
629 1426 3814
630
631
632 992 2200 3158 3433 4493 4840
633 770 1579 2472 4690
634 874 1796
635 931 1314
636 4382
637 1361 2953 3071 3372
638 2080 2603
639 707 1202 1419 1752 2277 3550 4444
640 2739 3279
641 1792
642 1023 1465 1637 3264 3367 3474
643 663 731 754 1061 1809 3283 3790
644 877 1707 2771
645 2214 3858
646 1633 4012 4777
647 871 1680 1936 3201
648 846 1818 3026 4153
649 730 1882 2842 3094 4835
650 1298 1647 2805
651 1088 1409 1726 2325 2452 4565 4923
652 817 884 1407 2354 4901
653
654 1506 2301 3170
655
656 658 851 1469 2861 2874 3374
657 949 1060
658 4025
659 1249 1404 1455 3882
660
661 4007
662 2279 4648
663 976 982 1073 2973 4111
664 816 914 1162 1266 3038 3634 4065 4327 4454
665 1022 1922 2640 2999 4090
666 940 973 1183 1725 1902 2941
667 1477 2751 3506
668 814 1224 1227 1752 2506 2565 3132 3517 3863
669 2515
670 852 1867
671
672 2880 2961 3164
673 3041
674 854
675 2027
676 721 870 914 1526 1536 2366 2563 4766
677 1462 1720 4344 4405 4674
678
679 1175
680
681 1279 2017 2340 4673
682 958 1234 2792 3815
683
684 986 1452 1792 1795 2095 2280 2408 2715 2718 2887 4118 4150 4172
685 2252 3802 3860 4009
686
687 1558 4400
688 2178 2699 4301
689 1518 1788 2311 2630 3507 3948 4212 4875
690 2462
691 4719
692 1353 1974 2209 3222 4684
693 842 921 1157 2616 4702
694 1713
695 733 1976 3985 4792
696 849 2187 2628 4268
697
698 907 2113
699
700 955 1117 1185 1314 3015 3532 4207 4287
701
702 1805
703 1711 2330 4537 4674 4936
704 2554
705 1243 3573
706 1589 4632 4640
707
708 2029 3327 3473
709 943 1284 1519
710 1188 2525 3655
711 874 936 1118 1176 1676 2064 2638 2700 2743 3983 4001 4646 4781 4829
712 753 1852
713 2497
714
715 1223 2518 3714
716 2888 3383
717 3062 3133
718 977 2682
719 1180 1298 2146
720
721 1008 1665 2159 2566
722 752 820 1158 3224 3745
723 1929 2734
724 815 1290 1347 1540 1557 1856 3031 4418
725 785 1198 2914 4137 4162 4643 4987
726 823 2608
727 1413 2718
728 1036 2392 2524 4025
729 841 1053 1485 1501 3877 4084 4994
730 890 910 946 1497 1612 1649 1714 2725 2951 2953
731 757 3603 4109 4771
732 2195
733 1303
734 1209 1306 2534 4609
735 743 1470 1538 1830 2646 2706 3272 3833 3975
736 837 1387
737 1085 3227 3254 4294
738 1866 3217 3363 4495
739 1967 2005 4399
740 2321 3128
741 859 2536 3945
742 774 1850 3821 3936 4579
743 1176 1669 1838 2531 2707
744 906 3761 4286 4451
745
746 1511 2733 3179 3806
747 1777 1839 3172
748 4256
749
750 772 2570 2579 3070 3118
751 1283 3593 3646
752 3088 4984 4996
753
754 872 1565 1624 1905 2199 2643 2958 3502 4379 4778 4960
755 1014 2073 2698 3959 4211
756 4821
757 3096
758
759 1976 3662
760 1120 1975 4364 4858
761 3621
762 1606 3113 3128 3313
763 2777
764 954 1178 1643 2485 2797 2913 3196
765 803 2163 3140 4712 4874
766 1446 1667 2575
767 1932 2108
768 894 2799 3033 3644 3820
769 840
770
771 1151 2561
772
773 1861 2842
774 1216 1639 2035 2505 4683
775 1464 2846 3675
776 1577
777 1746
778 2000 2246 3757 4239 4262
779 3159 4553
780 3471
781
782 866 1109 2479 2854 3199 4384
783
784 2589 4305
785 834
786 1608
787 952 1172 1214 1678 1774 1968 3277 4375 4452
788 1493 4316 4952
789 2851
790 2595
791 1125 1383 1914 2895 2974
792
793 1746 4429
794
795 812 3358
796 1705 2110 2274 4717
797 960 1299 1785 3999
798 1641 2008 2545 2564 4848
799 907 1691 2096
800 1349 3332 4828
801 1779 2862 3717 4016 4036
802
803
804
805 968 1040 2415 2591
806 2469 3447
807 4524
808 2485
809 934 1291 3699 4072 4257 4910
810 826 2242 3043 3125 4344
811 4822
812 4442
813 1296 2193 4797
814 2576 2950 3831
815 2206 3079 3496
816
817 1491
818 3629
819 890 1762 2538 2761 3135
820 4011
821 3768
822 2072 3028 4038 4638
823 826 927 1063 1143 1544 2891 2911 3241 3893 4183
824 920 2494 4860
825 893 1438 1533 1670 1706 2154 3371 3926 4569
826
827 1947
828 1000 1012 3610
829 2856 4254 4608
830 2755
831 1344 3575 4373
832
833 1120 1472 1481
834
835 2404 3154 4529
836 1233 1638 2025 2149 2502 3145 3503
837 3054 4198
838
839 2111 4313
840 1959 2462 2972
841 1336 1410
842 2597 3240
843 2324
844 2048 2799 3660
845 1037 3858 4319
846 1051 1116 1131 2235 2291 2328 2380 2965 4060
847
848 1604 2526 4926
849 1231 3666
850 2031 2439 4576
851 3211
852 4138
853 1137 1216 2304 3998
854 1127 1411 1542 2126 2251 2491 3391 3515 3611 4119 4765
855 1222 1348 1801 2599 4356 4830
856 1091 1317 2378 3861
857
858 2146 3016 3042 3274 3702
859 1081
860 933 1350 2051 3596 4282
861 947 2813
862
863 1276 1658 4404 4563
864
865
866 1320 1999 2178 3013 4114 4806 4996
867 889 1648 1722 2019 3220 3672 4476
868 1058 1423 1505 3396 3473 3593
869 1267 2994 3276
870
871
872 1370
873 1238 1651 1657 1702 1994 2389 3077
874 1944 2984 3104
875 1179 1731 1960 4460 4494 4898 4949
876 1203 1971 4078 4235
877
878 2288 2488 2634 2716 3305 3312 3913 4337
879
880 1819 2010 2699
881 2273 2417 2594
882
883 905 1549 1708 1715 3903
884 1037 1047 1181 1656 1826 1963 2934 3566
885 3542 4112 4973
886 918 2355 3954 4505
887 954 1275 1427 2528 3775 4267 4476
888 930
889 2757
890
891 3725
892 1003 3035 3296 3546 4324
893 1709 1775 2329 3415
894 2109 3259 4398
895 999
896
897 928 1182 1190 1601 1828 1893 2090 3051 4788 4936 4982
898 1397 4619
899 3703
900 4173
901 2075
902 3972
903 1271 1745 1753 1821 2364 2832 3114 4942
904 1959 2089 3880
905 2820 4651
906 1398 1454 1675 2073 2089 2431 4106 4218 4420
907 2794
908 1293 1643 1979 2352 2828 3297 3393 3591 3763 4870
909 937 995 2243
910 1418 2552 2917 3066 3468 3826
911 2610 4446
912 1597 1855 1901 2004 2062
913 1019 1077 1984
914 1843 1860 2357 4884
915 1035 1954 1980 2483 2550 2694 2940
916 1117 1184 1716 1758 2079 2147 2490 3025 3036 3318 3513 4265
917
918 990
919 1264 2414 4084
920 4807
921 1068 1426 1451 2386 3251 3851 4394
922
923 1033 1128 2744 3373 3693 4047 4578
924 1232 3420 4097 4134 4252
925
926 2504 4961
927 2226
928 1092 1351 2314 2388 2638 4304
929 1222 1815 4057 4184 4971
930 1312 2983
931 1191 2009
932 3509
933 2682
934 1456 4258
935 2235 3695
936 2230 2670 4625
937
938 1206 3769
939 2199 4565
940 1062 1479 2849
941 1028 1263 2222 3894
942
943 1672 2299 2970 4401
944 1390 1992 2858 3996
945 3315
946 1671
947 1531
948 1442 1458 2003 2703 3638
949 1007 1982 3652 4500
950 1136
951 1749 1833 2942 4583 4636
952 2779 3067 3450 3594 4352 4502 4596
953 2535 3184 3288 4744
954 963 1042 1269 1362 2624 3772 4701
955 3589
956 1575 1676 2036 2772 3752
957 1848 4253
958 4058
959
960
961 1001 2634 3480 3730
962 1449 1476 1816 1841 2773 3306 3749 4793
963 1372 3846
964
965
966 1726 3347
967 3538 3761
968
969 1252 3189
970 1765
971
972 1402 3564
973 1171 3454 4493
974
975 1952 4093
976 4754 4876
977
978 3984
979 1339 1920 3868 4248
980 1072 1404 1689 4123
981 1251 1257 2339 2387 2453 3102 3226 3295 3341 4472
982 1500 2956
983 1871 2201 2728 3803 3827 4448 4525
984 2456 2549 3190 3200
985 1358
986 4735
987 2304 2726 3670
988 1155 1201 1772 1956 2494 2809 3522 3716 3746 3759 3797 3834 4063
989 4264
990
991 1170
992 1368
993 1403 1855
994
995 1067 1554 2174 2680 3461 4203
996 1137 2281 2747 2794 2962 3090 3114
997 1457 2668 2912 3249 3753 4217 4499 4976
998 1053 1185 1256 1607 3191 3268 4422 4963 4978
999 1096 2202 3474 3727 3934
1000
1001 1515 3586 4013 4362 4703 4751 4764
1002 4646
1003 1636 1924 2541 4224 4225
1004 1170 2265 2806 2902 3883 4820
1005 1136
1006 1628 2615 4741
1007 1293 1900 3342 3893 4533
1008 1490 3002 3880 4275
1009 3021 4415
1010 2930 3723 4922
1011
1012 1492 4169
1013
1014 4049
1015 3153
1016 1154 1498 1683 2021 2626 2641 3024 3350 3751 4554 4785 4794
1017
1018 2371 4744
1019 1212 1517 1804 2117
1020 1363 1889
1021 2248 3405 4366
1022 1050 2224 4624
1023 2963 4714
1024 2607 2877 3531 3778
1025 2188 2289
1026
1027 1056 1113 1476 1802 2244 2280 2560 3402 3424 3802 4406 4943
1028 1453 1521 1633
1029 1564
1030 4336
1031 1840
1032 1309 2471 3676
1033 1666 1771 2241 2257
1034
1035 1274
1036 1239 1618 3414 3726 4676
1037 1055 1147 1325
1038 1255 4314
1039 2812 3298
1040 1262 2425
1041 1132 1223 1467 1533 1565 2464 2592 3352 4192 4794
1042 1417 2876
1043 1150 2693 3954 4519
1044
1045 2873 4436
1046 1220
1047
1048 1989 2879 3049
1049 1239 1662 4830
1050 2275 2390 3968
1051 1089 1514 1693 1719 1977 2080
1052 1502 1750 3872 4219 4816
1053 2508 4029
1054 1449 1831
1055 1683 2335
1056 4297
1057 4268
1058 2323 3527
1059 1526 3126 4597
1060 4991
1061 1160 3969
1062 3792
1063 1357 2286 2317 2988 3392
1064 1635
1065 3108
1066 1782 1973 2173 2949
1067 1420
1068 2070
1069 1163 1527 1620 1809 2154 2785 2944 2955 3125 3335 4245 4841
1070 4888
1071 1822 2103 3399 4515
1072
1073 3577 4093
1074
1075 1496 2191 2271 2373 4876
1076 2182 3033 3685 4368 4790
1077 1208 1509 2473 2651 3182
1078 3338
1079 1734 2792 3016 4125
1080 1368 1634 1665 1707 2290 2310 3209 3429 4507
1081 1345 1487
1082 3847
1083 1194 4306
1084 1857 1942 2529
1085 1316
1086 4075
1087 2929 3318
1088 3339 4522
1089 1950 2182
1090 2223
1091 2437 3331
1092
1093 2833 3000 4483
1094 1106 2013 2279 2939 4278 4455 4731 4838
1095
1096 1661 2105 3023 3361
1097 1204 3209
1098
1099 1148 1820 2867 3599
1100 1446 3641 4623
1101 1153 1593 2193 3630 3738
1102 1286 2972 3134 3173
1103
1104 2764 2900
1105 3231 4071
1106 2613 4326
1107 4510
1108
1109 1289 1530 2200 4904
1110 1799 1965 2913 3993
1111 4623
1112 1172 2827 3340 4296 4507
1113
1114
1115
1116 1834
1117 1268 1420 1511 1862 2217 2901 3053 3192 3401 4060 4388
1118 3279
1119 2360
1120 1991
1121 1215
1122 2374 4758
1123 2207 3986
1124
1125 1442 3290
1126
1127 1829 2040 3523 4721
1128 1344 4963
1129 2646 2681
1130
1131 4223
1132 1507 2077 2674 4310
1133 2423 4694
1134 1981
1135 1610 1704 1891 2441 4039
1136 1140 3315 4882
1137
1138 3316 4339 4633
1139
1140 1596 1608 2722 2766 3331 3501 4808 4979
1141 1501 1890 4410
1142 3572
1143 1574
1144
1145 1247 1702
1146 1793 1894 2015 3317 3815 4135 4561
1147 2164 4138
1148
1149
1150 2362
1151 1791 2128 2720 3150 3758
1152
1153 4409
1154 4232
1155 4611
1156 3742
1157 3981 4824
1158 1496 3296
1159 2551 3149 4788
1160
1161 2084
1162 1288
1163 2993
1164
1165
1166 3269 4482
1167 1253 1343 4642
1168
1169
1170 2424
1171 2269 2430
1172 1617 4251 4280
1173 1362
1174 1858 2391 3129
1175 1835
1176 2344
1177 1995 2688 4455
1178
1179 2926 3518 4959
1180
1181 4995
1182 3886 4531
1183 1196 2534 3076 3334 3522
1184
1185 1561 1858 3500 4036 4146 4363
1186 3136 3441
1187
1188
1189 1659 2476
1190 2256 2260 2414 2510 2569 2793 4339 4541
1191
1192
1193
1194 1378 1573 2514 2696 2789
1195 1534 1786 1999 2824
1196 4047
1197 1630 4774
1198 2345
1199 1892 1918 3513 4328
1200 2097 2175 2628 4862
1201
1202 3981 4239
1203 1405 1747 1822 3042 3045 4547
1204
1205 2012 2692
1206 3612
1207 1457 1874
1208 1563 3959
1209
1210 1219 3539 4338
1211 1738 2635 2703 3649 4812
1212 1288 1296 2088 2186 2838 3083 3568 4015 4560
1213
1214 1381 1845 2353 2385 3200
1215 1586 4492
1216 1547 4444 4477 4890
1217
1218 1231 3290
1219 1434
1220 2107 2266 2384
1221 3395
1222
1223 1260 2341 4708
1224 1616
1225 1305 1311 1483 2041 2376 2526 4280 4938
1226
1227 1529 1896
1228
1229 3007 4061
1230 1384 3836 4978
1231 1799 2786 2936 4826
1232 1613 4071
1233 1244 1265 1365 1473 1869 2202 2457 2926 4000 4402
1234 1257 2386 3319 4004
1235 1348 2239 3853
1236
1237
1238 3578
1239
1240 1571 2165 2702 2770 3261 3281 3365 3871 3916 4479 4597
1241 1791
1242 3787
1243 3689 3792
1244
1245 1708 4221
1246 4020 4786
1247 1307
1248 1763 2805
1249 1326 1794 3891 4127
1250
1251 1393 2171
1252
1253 1660 4202
1254 3744
1255
1256
1257 2606 4299
1258 3198
1259 2134 2484 2973 3056 3069 3195 3215 4856
1260 1706 2429
1261 4659
1262 1369 1634 2101 2877 3173 3446 3953 4782
1263 1283
1264 1751 2255
1265 4974
1266 3213 3708 4905
1267 1605 3219 3901 4914
1268 2736 2834
1269
1270 3329
1271 1642 4711
1272 2130
1273 1445 1917 3635 3915
1274 2801
1275 4576
1276 1875 2161
1277 2987 3489 3584 4934
1278 2878
1279 3978 4184
1280
1281 1450 1510 1985 2361
1282 1815 1927 2232 2683 3160 3691 3841 4540 4789
1283 1572 2005 3034 4307
1284 1294 2436 3421 4348
1285 3560
1286 2968
1287
1288 3370 3449
1289 4749
1290
1291
1292 1333 4291
1293 2434 2816 4265 4615
1294
1295 2044 3567
1296
1297 2294 4096
1298 2817
1299 1613 3110 4512
1300 3845
1301 1487 2896 4587
1302 1346 2014 3352 4101
1303 1391 3813 4639
1304 1330 1908 2177 2652 3669
1305 1584 1781 3873
1306
1307 2997
1308
1309
1310
1311
1312 3044
1313 3942 4302
1314 2643
1315 1367 1835 2698 3819 4325
1316 2583 2786 2920 3439
1317 1337 3228 4361 4769
1318 1904 4199
1319 1387 4997
1320 1757
1321 4074
1322
1323
1324 1395 1397 1625 4425
1325 2301
1326
1327
1328
1329 2573 4733
1330 1881 2142 3510 4101 4290
1331 1493
1332 2892 4240
1333 2234 3061 4334
1334
1335
1336 2317
1337 4881
1338 1898 3240 3821
1339 1474 2204 2332 2373 3327 4494
1340
1341 4171
1342 1503 2496 3141
1343
1344 1664 2191 2558 4593 4852
1345 1505 4469
1346 1724 1725 1864 3557 4481
1347
1348 1865 2229 2331 3079 4086 4095
1349 2630
1350 1808 2678 3460 4176 4561 4921
1351 1440 1732 1778 2065 2138 2331 2456 3597 4701
1352 3400 3744
1353 2057
1354
1355
1356
1357 2944
1358 1585 2254
1359 3534 3903
1360
1361 2208 2397
1362 1753 1764
1363 4374 4381
1364 2667 3058 4146 4968
1365
1366
1367 2194
1368
1369
1370 1412 1756 1876 2025 2347 2496 2948 3275 3852 4087 4842
1371 1566 1908 2949 3913
1372 1575 3351 3829 4276
1373 1823 3002 3625
1374 1954 1975 2571 4748 4823
1375
1376 2422 2515 3285 3716 4369
1377
1378 2152 4854
1379 1524 4650
1380 2376 2550 4177 4903
1381 1963 2882 3253 3304 3966
1382
1383 3957
1384 3314
1385 1854 2250 2596 3618
1386 3162 4675 4924
1387
1388
1389
1390 1516 1625 2211 2602 3912
1391 1399 1478 2105 3057 4206 4333 4542 4548
1392 2878
1393 2087 3360
1394 2004 2211 2272 3109 3597 4229
1395 2788 4329
1396 1892 4915
1397
1398 1515 2439 2715 3840 4501
1399 1778 2250 3432 3658
1400
1401 1961 4148
1402
1403 1907 1966 3089
1404
1405 1877
1406 4465
1407 3349 4230
1408 1654 2710 4459
1409 1567 3317 3393 4343 4962
1410
1411 4534
1412 3378 4791
1413 1642 1743
1414 1467 2753 4627
1415 3456 4549
1416 1583
1417 1425 3702 4242
1418
1419
1420 3936
1421 1422 1897 3991 4880
1422 2743
1423 1548 1946 2425 2761
1424
1425 1606 1782 1783
1426 1906
1427 4583
1428
1429 1787
1430 2293
1431
1432 2196
1433
1434 1913 3923 4395
1435 1865
1436 2284 4873
1437 3515
1438 3633
1439
1440 1559
1441 3044
1442 2468 2477
1443 1781 3692
1444 1644 3550
1445 2322
1446
1447
1448 1940 3773 4212
1449
1450 2348 2669
1451 2821 4664
1452 3266
1453
1454
1455
1456 1484 2633 2826 3768
1457
1458 1918
1459 1598 3951
1460 2553 2776 4385 4532 4824 4834
1461
1462 2440 2631 4671
1463 3674
1464
1465 1710 2071 2221 4940
1466
1467 2702
1468
1469
1470
1471 1538 1748
1472 4293
1473 1664 2421 2916 2994 3437 3576 4800
1474 3442
1475 2347
1476
1477 1581 2053 2784 3459
1478 2358 3590
1479 1624
1480
1481
1482 2249 3171 3748 4356 4543 4587 4693
1483 3482
1484
1485
1486 1593 4734
1487 3638
1488
1489 1577 1867 4181
1490 2119 4130
1491
1492 3020 3658
1493 1838 2229 4001 4161 4192
1494
1495 2959 3857 4543
1496 3055
1497
1498 2395 2897 2914 2931
1499 1897
1500 4596 4927
1501 1692 3046
1502 1895 2257 2351 3026
1503 2459 2672
1504
1505 1869 2303 3971
1506 1687 1930 3533 4995
1507 3394
1508 1628
1509 2695 2710 2870 3573 3848 4483 4746
1510 1998 2088
1511
1512 3339
1513
1514 2338 2509 3692 4083
1515
1516 3404
1517
1518
1519 1989 3783
1520
1521 1983 2323 2968 4164
1522 2585 3280
1523 2021
1524 3884
1525
1526 4923
1527
1528 4437
1529 2782
1530 1688 2543 3927
1531 2336 2500 3910
1532 2220 2539
1533 3902
1534 3508
1535 1787
1536 2730
1537 1817 2416 3378
1538 2528 3472 3825
1539 1611 1674 4517 4578 4855
1540 3978
1541 1580 2449 3099 3294 4043
1542
1543
1544 1724 2595 3659 4944
1545
1546 1856
1547 3171 4185
1548 3293 3874
1549
1550 2053
1551 4508
1552
1553 1852 2857 3784
1554 2069 2548 3935
1555 2448
1556 3243
1557
1558
1559 3202 3901 4314
1560 2924 3059
1561 2034
1562 1672 2119
1563 2415 3193
1564
1565 3307 3486
1566 2578 3311
1567 3927
1568 2083
1569 2296 2818 3487
1570 1616 4922
1571 2056
1572
1573
1574 1996 3669 3808 4022
1575 1727 2708
1576 2118 4418 4568 4618 4980
1577 2573 4188
1578 1947 3116 3403 3466
1579 2869
1580 1759 1907 2342 4318
1581 1747
1582 3737
1583 4769
1584 1917 2039 2874
1585 2085 2165
1586 3133 3235 3305 3458
1587 3982
1588
1589
1590
1591
1592 2532 4247
1593
1594 3176 4100 4428
1595
1596 2479 2542 2546 3034
1597 2904 3309 4309
1598
1599
1600 2354 2712
1601 3746 4439
1602
1603 1859
1604 2872
1605 2469
1606 4346
1607
1608 2461
1609 4123
1610
1611 3654
1612
1613 4781
1614 3676
1615 1845
1616 3495 4606
1617
1618 1916 1957 4107 4411 4574
1619 2572 2575
1620 1964 2144 2451 2847 3608
1621 1754 1790 1807 2171 2617 4567
1622 3780
1623 3626 3984
1624 2024 2658 3722
1625 1687 2403 2475 4292 4685
1626 2254
1627
1628 1925 2732 4998
1629 4013
1630 1808 3147 3928 4003
1631 3113
1632 4376 4389
1633
1634 1715 2446 2639 3300 4064
1635
1636 4730
1637 4357 4782
1638
1639
1640 2880
1641
1642
1643
1644 1909 2750
1645 4102
1646
1647 2503 3298
1648 2118 3994
1649 1694 1744 2924 3086 3734 4017
1650 4711
1651
1652 2281 3325 3361 4544
1653 3330
1654 1941 2032 2741 4000
1655 3617 3766
1656 2329
1657 4032 4742 4762
1658
1659
1660 3519 3690
1661 1888
1662
1663
1664 2368
1665
1666 1775 2410 3467 4981
1667
1668 4312 4802
1669 2791 4050 4757 4945
1670 2061 3139
1671 2800
1672 2116 3008 3109
1673 1957
1674 1842 4823
1675
1676
1677
1678 3496
1679 3130
1680 1923 4313
1681
1682 2780 4458
1683 2203 3039
1684
1685 2096 2348 2399 4770
1686 2269
1687
1688
1689 2400 2726 2942 3321 3564
1690
1691 2402
1692 1733 2065 3739
1693 3559
1694 2011 2124 2850 4055
1695 2184
1696 2116 2835 3544 4679 4986
1697 3063 3479 4294
1698
1699 2666
1700 2349
1701 3203
1702
1703 2508
1704 2398 4342
1705 2156
1706 1945 3615 4377 4434
1707 1933
1708 4346
1709 2197 3756 4095 4311
1710 3583
1711 3767 4290 4891
1712 4110
1713 2560 4745
1714 2665 3018 4658
1715
1716 3979
1717
1718 3938
1719 2022 3499 3697 3962
1720 2511 2829 3273
1721 2297
1722
1723
1724 3487
1725 2859
1726 2569 3720 4880
1727 3081 4076
1728 2614
1729 4721
1730 4708
1731 4131
1732 4522
1733 4750
1734
1735 2647 3124
1736
1737 2449 3386 3540 3726 4042 4228
1738 1851 2802
1739 4435
1740 1993 3105 3548
1741 4147
1742 2626 4601
1743
1744
1745 1977 4509
1746 2134 2778 3701
1747 2072
1748
1749
1750 2607
1751 2448
1752 4287 4322
1753 2045 4097 4918
1754 1935 4447
1755 3232
1756
1757 3426
1758 1841 3950
1759 2937
1760
1761 2066
1762 1939 2522
1763 2941 3299
1764 3660 4709
1765 1978 2611
1766
1767 3483
1768 2574
1769 1872 3796 4628
1770 1911
1771 4861
1772 2016
1773 2636 3140 3231 3964 4842 4919
1774
1775
1776
1777 2406 4805
1778 3532 4304
1779 3155
1780 2334 3951 4359
1781 3344 3782 4241 4749
1782 1932
1783 4362
1784
1785 2048 3278
1786 1836
1787 1827
1788 3019
1789
1790 2675 3883
1791 1814 4134
1792 2157 2387 4396
1793 3571 3578 4974
1794 1926 2864 2932 3467 4488
1795 2333
1796 1846
1797
1798 3143
1799 4588
1800 4063
1801 4446
1802 2241 4366 4547
1803
1804
1805 2228 3687 4208
1806
1807
1808
1809
1810 3093
1811
1812 4377
1813 2001
1814
1815 4654 4759
1816 3185 4865 4866
1817 3949 4906
1818 3338
1819 3985
1820
1821 2298
1822
1823
1824 2027 4857
1825 2248 2598 2736
1826 3208 4045 4594
1827 2357
1828 2834 3248 3249
1829
1830
1831 4752
1832 1927
1833
1834
1835
1836
1837
1838
1839 3035
1840 3271 4678
1841 2822 3688 4427
1842
1843 3100
1844 1965
1845 2954 3265 3328 3371 3588 4491
1846
1847
1848 4420
1849 2522 2749 3302 4200
1850 4499
1851 2885
1852 2760
1853
1854 2737 3653 3720 4150 4622
1855 2197
1856
1857 2292 2404 4107
1858
1859 2156
1860
1861 3063
1862
1863 2266 4132 4941
1864 3829
1865
1866
1867 3273 3790
1868 2797
1869 2132 3017 3986
1870
1871
1872 2032 2243 4395 4894
1873
1874
1875 2316 4180
1876 2086
1877
1878 1906 2745 3022 3052 3786
1879 2110 3712
1880
1881 3214
1882
1883
1884 2375 3492
1885 1887 2535
1886
1887 2049 4506
1888
1889 2132 2233 4726
1890
1891 2685 3485 3631 3831
1892 4480
1893
1894 3324 3427 4271
1895
1896
1897 3123
1898
1899 2370 4659
1900
1901
1902
1903
1904
1905
1906 3580
1907 2711
1908 2318 3157 3391 4843
1909
1910
1911
1912 4286 4776
1913 2487 4815
1914 1979 2407
1915
1916 3579
1917 3366 3947
1918 2989 4021
1919
1920 2570 3668 3879 4637
1921 4382
1922
1923 4856
1924 2815
1925 3258 4457
1926
1927 3865 4548 4853
1928 2007
1929
1930
1931
1932
1933 3989
1934 2644
1935 4426
1936
1937 3729
1938 2100 2343
1939
1940
1941 3997
1942
1943 3867
1944 2098 2632 2714 3362
1945 4800
1946 2230 3508
1947 2875 4702
1948
1949 2814 3054 4027 4994
1950 2218 2512 3121 3931 4092 4606 4668
1951
1952 4473
1953
1954
1955 4195 4851
1956
1957 4724
1958
1959 2623 4677
1960 3127
1961 1967 3888 4975
1962 2277 3438 3462
1963
1964 4224
1965
1966 2038 2325 2501 2845 3456 3493 4886
1967
1968 3836
1969 4496
1970
1971 2916
1972
1973 2057 3488 4855
1974 2047
1975 2379
1976 2461 3123 3135 3418 3906 4379
1977 2588 4767
1978 2099
1979 4814
1980 2758 3994
1981 3206 4391 4689
1982 3183
1983
1984 4284 4912
1985 3791
1986 4783
1987
1988 4802
1989
1990
1991
1992
1993 2478
1994 3117 3809
1995 2002
1996 2668
1997 4471 4534
1998 3407
1999 2750
2000
2001 2370 3776
2002
2003
2004
2005 2405 4470
2006 2923 3088 3260 4149
2007 2327 4073
2008
2009 3360 3421
2010 3448
2011 3859 4808
2012 3023 3238 3765
2013
2014 2788 4338
2015
2016 3310
2017
2018 2893
2019
2020 2172 2175 4062
2021
2022
2023
2024 2517 4892
2025
2026 2865
2027
2028
2029 4604
2030 2428 3745 4251
2031 3577
2032 2812 4070
2033 2043
2034 2557 4442 4683
2035
2036
2037 2620
2038
2039 4896
2040 3585 4059
2041 3007
2042 2589
2043 2366 2629 2864 3911 4763
2044
2045
2046 4632
2047 2275 3144
2048 4179
2049 4676
2050
2051 2490
2052 4181
2053
2054 3407
2055 2608 2684 4949
2056 3476
2057 2265 2649 2661 3314 3546 4137 4178
2058
2059
2060
2061
2062
2063 3256 3359
2064 3252
2065 3694
2066 2102 2189 2709 3451 4306 4486 4656
2067
2068 3004
2069
2070
2071
2072 3861
2073 3326 3615
2074
2075
2076 2527 3205
2077
2078
2079 2283 2934
2080
2081
2082
2083 3014 4498
2084 2642 3281
2085 2445 3696
2086 2766
2087 2822
2088
2089 2346 3845 3965 4086 4308
2090 2442 2795
2091
2092
2093 2104 3526 4159
2094 2453
2095 2151 3646
2096 3345
2097 3297
2098
2099 2382 2538 2867 2962 3464 3834 4185
2100 2129 2853 4639 4984
2101
2102 3709
2103
2104 2444
2105
2106 2653 2768 3087 4756
2107 4288
2108 2613 3731
2109 2217 4038
2110 2388
2111 4935
2112 3092 4733
2113 2955 3292 4371 4999
2114 3212
2115
2116 3475 3992 4768
2117 3553
2118
2119
2120 2397
2121 2381 2679 3830
2122 4408 4528
2123 2544
2124
2125 2147 2719 4152
2126 3591 3840
2127 3346 4403
2128 4517
2129
2130 2488
2131 3156 3343 4106 4278
2132 2730 4818
2133 3524
2134 2672 3471 4484
2135 3194
2136
2137
2138
2139 3715
2140 3166
2141
2142 2677 3225 3608 3976
2143 2506 2979 3584
2144
2145
2146 2210
2147
2148
2149 3291 3678 4723
2150 3195
2151 2452 2512 3203 3414 3622 3850
2152
2153 3141 3447
2154 3738
2155 2212 2492 2921 3512
2156 3263
2157
2158 2458
2159
2160
2161 3267
2162 4229
2163 2406 2457
2164
2165 2565 3149 3291
2166 3045 3348 3418 4151
2167
2168
2169
2170 3904
2171
2172
2173
2174
2175 2677
2176 4633
2177 2774
2178 3198
2179 2561 3444
2180 3682 4796
2181 3885
2182
2183
2184
2185 2772 2873 3843 4141 4421
2186 3030 3411
2187 2427 3807
2188 3233
2189 3106
2190
2191
2192 2866 3309
2193 2588
2194
2195
2196
2197
2198
2199 2258 4085
2200 2284 4523
2201
2202 2966 4205
2203 3876
2204 2654
2205
2206 2622 3024
2207 3239
2208 2245 4609
2209
2210
2211 2312
2212 2344 2539 3012
2213 2411 2590 2663 3303 4618 4725
2214
2215
2216
2217 2696
2218 2870
2219 4050
2220
2221 4870 4872
2222 3394 4315
2223 2828
2224
2225
2226 2875 4154 4859
2227
2228 3977
2229
2230
2231
2232 2292 4148 4414 4801 4954
2233 2619
2234 2928 4615
2235 2603
2236 2756 3192 3490
2237
2238 2658 4530 4934
2239 3428 3595
2240
2241 2300 3355
2242
2243
2244 3776
2245 2322 3609 3932 4598 4909
2246
2247 2533 4600
2248
2249
2250
2251 2648
2252
2253 4068 4629
2254
2255 2998 3250 3453
2256 2536 2615 4246
2257
2258
2259 2586 3310 3671 4303
2260
2261
2262
2263
2264 4121 4168
2265
2266
2267 3095 4082
2268 4668
2269
2270 2446 2821
2271
2272 3032
2273
2274 2835 3351 4457
2275 2844
2276 3443
2277 2872
2278
2279 2740 2959
2280
2281 3204 4913
2282
2283
2284 4678
2285
2286
2287
2288 4793
2289 4428
2290
2291
2292
2293
2294
2295
2296 3601
2297 4300 4796 4832
2298
2299
2300
2301 3053 3562 3675 3769 4425 4653
2302
2303
2304
2305 4682
2306
2307 2359
2308
2309 2787
2310
2311
2312
2313
2314 4902
2315 2516
2316
2317 2909 4031 4072 4122 4635
2318
2319 2889 3943
2320 3423
2321
2322 3124
2323
2324 3382
2325 2466
2326 3613
2327
2328 3385 3698
2329 3187
2330 3640
2331
2332
2333 3458 3990 4809
2334 4009
2335
2336 3367
2337
2338
2339 3841
2340
2341 3075
2342
2343 4549
2344 2683
2345
2346
2347 2701
2348 3894
2349 2671
2350
2351
2352 2693
2353 4902
2354 4630
2355 2498 4231
2356
2357
2358
2359 2901 2954
2360
2361
2362
2363 2559
2364
2365
2366
2367 2690 3535
2368 2625
2369
2370 4731
2371 2396
2372 2927
2373 3189 3641 4057 4211 4789
2374 3558
2375 2559 2705 3218 3381 3670 4907
2376
2377 3970
2378 2584 3735 4002
2379 3672 4602
2380 3234 4263
2381 2737 2905 4491
2382 2663 2727
2383 2704
2384
2385 4254 4342
2386
2387 2596
2388 2440 4619
2389
2390 2664
2391 2437
2392 2621 2631 2808 3185 4142
2393
2394
2395 4433
2396
2397 3862
2398 3201
2399
2400 3707 4515
2401
2402 3301
2403 2804 4059
2404 2802 2806 3830 4136
2405 4527
2406 2830 3799
2407 2843 4333
2408
2409 3889
2410 4170 4649
2411
2412
2413 3363
2414 3970
2415
2416 3096
2417
2418 4644
2419
2420 2813 3129
2421
2422 3801 4312 4488
2423
2424
2425 3592 4956 4968
2426 2746 4098
2427 3804 4969
2428
2429
2430
2431
2432 4895
2433
2434 3483
2435
2436
2437 3871
2438 3395 3709 4443
2439
2440 2467
2441
2442 2980 3866 4291
2443
2444
2445 3869
2446
2447
2448 4834
2449 2499 3437 3755 4964
2450
2451 3406 4387 4412
2452
2453
2454
2455 4746
2456
2457 2833 4935
2458 3048
2459
2460
2461
2462
2463
2464 2996 3551
2465 3433
2466
2467 3333
2468 3389
2469
2470
2471
2472
2473 2669 3908 4335
2474 3357
2475
2476 2501 4186 4889
2477
2478 3997 4008 4577 4736
2479
2480
2481 3159
2482
2483 3080 3780
2484
2485 2611 2984
2486
2487 2660 3365 3517 3788 4977
2488 3065
2489 2676
2490
2491
2492
2493
2494
2495
2496
2497 4686
2498 2894
2499 3727
2500 2600 3661 4951
2501
2502
2503
2504 3982
2505
2506 2755
2507 3616 4052
2508
2509 4310
2510 3357
2511
2512 3879
2513 4481
2514
2515 3396 4577
2516
2517
2518
2519 3511
2520
2521
2522
2523 3907
2524 3137 3375 3741 3820 4402
2525
2526
2527 3570 4705
2528
2529
2530 2871
2531
2532 2975
2533
2534 3949
2535 3888
2536
2537
2538
2539
2540 4679
2541
2542
2543 3289
2544
2545
2546
2547 3234 3733
2548
2549 2577 3202 3775 4947
2550
2551 2697 2734
2552
2553 3944
2554 3130
2555 3909 4449
2556
2557
2558 4734
2559
2560
2561
2562 3353
2563 4166
2564 3497 4599 4699
2565 2597 3010 3643 4195 4360 4877
2566 2728 3724
2567 3010 3139
2568 3497
2569 2610
2570
2571 3069
2572 2885
2573
2574 3623
2575 3107
2576
2577
2578
2579 4695
2580
2581 4327
2582
2583
2584
2585
2586 2639 3823
2587
2588
2589
2590
2591
2592 3186 4227 4715
2593
2594
2595
2596 4710
2597 4281
2598 2848 3243
2599
2600
2601 3172
2602
2603 2744 3535 3789 3875 3889
2604 2769 3514 4862
2605
2606 2657 4193
2607
2608
2609
2610 3356
2611
2612
2613 4790
2614 2692
2615 2978
2616 4203
2617 3717 3854
2618 2635
2619
2620
2621 4352 4947
2622 4552
2623 3342
2624 4026
2625
2626 4323
2627 4365
2628
2629 3595 3659
2630
2631
2632
2633 2776 3499 4142
2634
2635 2908
2636 4689
2637 2704 3929
2638
2639
2640 2980
2641 2950
2642
2643
2644
2645 4520
2646 2997 4847
2647
2648 3624 4786
2649 4369
2650 4176
2651 3261
2652 2769
2653
2654
2655 3032
2656 2793 3929 4665
2657 3289 3939
2658 3506
2659 3629
2660 3354 4608
2661
2662 4490
2663
2664 3995
2665 3003 4005
2666
2667
2668
2669 3684 4242
2670 4158
2671
2672
2673
2674
2675 2810
2676 2977
2677 3479 3681
2678
2679
2680 4233
2681 3222 3990
2682 3255
2683
2684
2685
2686
2687
2688 3899 4536
2689
2690
2691
2692 4652
2693 3019 4670
2694 4014 4806
2695
2696 2978
2697
2698
2699 2738 3094 4430
2700 3868
2701 3587
2702 3900
2703
2704 4388
2705
2706 3397 3408
2707 4196
2708 2938 3952
2709
2710
2711 2773
2712
2713 2825 3103 4773
2714
2715 2855
2716
2717
2718
2719
2720 3306
2721 3084 4651
2722 3783
2723
2724 3440
2725 3736 4829
2726
2727
2728 2923 3699
2729
2730 3548
2731
2732
2733
2734
2735
2736 2762
2737
2738
2739
2740 3569 3637 4037 4717
2741
2742
2743
2744 3122 3304 4716
2745 3301
2746
2747
2748 2900 3097
2749 4433
2750 2882
2751 2935 3030 3938
2752
2753 4383
2754 4871
2755 3640
2756
2757
2758
2759
2760
2761
2762 4445
2763
2764 4222
2765
2766 3732
2767
2768
2769
2770
2771 3642
2772 3077 3082 3219 3337 3494 4427
2773
2774
2775 4463
2776
2777 3520
2778
2779 3777
2780
2781
2782
2783
2784
2785
2786 2836 3718
2787 3137 3207
2788
2789 3478
2790
2791
2792
2793
2794
2795
2796 3441
2797
2798
2799
2800 3931 4752
2801 2838 2982
2802
2803
2804
2805
2806
2807 3677
2808 2919
2809
2810
2811
2812 3167
2813 3765
2814
2815 3610
2816
2817
2818
2819 4819
2820
2821
2822
2823
2824
2825 4209
2826 3798 4187
2827
2828
2829 4500
2830 4174
2831
2832
2833 4626
2834 3910
2835 4506 4913
2836 4026
2837 3355 4039
2838 3562 3647 4558
2839
2840
2841
2842 4393
2843
2844
2845 2848 3917 4044 4897
2846
2847
2848
2849
2850 3425
2851
2852
2853 4612 4720
2854
2855 2879 3859 3940
2856
2857
2858 3469 3653 4126 4932
2859
2860
2861 4787
2862
2863
2864 2922 3055
2865 3156 4034 4885
2866
2867 4408
2868
2869
2870 3006
2871
2872
2873
2874 3606
2875
2876 3423
2877
2878
2879
2880
2881
2882
2883
2884
2885 4334
2886 3826
2887 3698
2888
2889
2890 4976
2891
2892
2893
2894
2895 3923 3956
2896 2933
2897
2898 3728
2899
2900
2901
2902
2903
2904
2905
2906
2907 3336
2908 3465 3510 4620
2909
2910 4871
2911 3115 4495
2912 3920
2913 3111 4726
2914
2915
2916
2917 2940
2918
2919 4019
2920
2921 3196
2922
2923 4434
2924
2925 4698 4919
2926
2927 4354
2928
2929 4360
2930
2931 3420 3525 4087 4318 4784 4827
2932 4194
2933
2934
2935
2936 3823
2937 3751 4162 4189
2938
2939
2940 3800
2941
2942 3048 3865 4660
2943
2944
2945
2946
2947
2948
2949 2981 4895
2950
2951 4293
2952
2953 4700
2954 4081
2955 4498
2956
2957 3387
2958
2959
2960
2961 3737 4503
2962 3665 4656
2963
2964
2965 3215 3552
2966
2967 4272
2968
2969
2970 3598
2971
2972
2973
2974
2975
2976 3877
2977 3886 4244 4716
2978
2979
2980
2981
2982 3040 3097
2983 4568
2984 3236 4347
2985 3233 4032
2986 3245
2987
2988
2989 3021 4516
2990
2991
2992
2993
2994
2995 4289
2996
2997 3668
2998 3344
2999 3750 3807
3000 3220
3001
3002
3003
3004
3005 4423
3006 3174 3722
3007 3864 4135
3008
3009
3010
3011 3570
3012
3013
3014
3015
3016
3017
3018 4510
3019 4755
3020
3021
3022
3023
3024
3025
3026
3027
3028 3789
3029 3904
3030
3031 4591
3032
3033 3589
3034
3035
3036
3037 3100 3292
3038
3039
3040
3041 3178
3042 3370 4540
3043 3148 4149
3044
3045 4198 4285
3046
3047
3048 3390 3713
3049 3147
3050 3937 3972 4803
3051
3052 3505 4858
3053
3054 3796 4065 4282
3055 3436
3056
3057
3058 3180
3059
3060 4468
3061
3062 3838 4005
3063
3064 3328 3685
3065
3066 3925 4358 4898
3067 4127
3068 4125 4680 4915
3069
3070 3932
3071 4078 4593
3072
3073 3979 4478 4792 4879
3074 4841
3075
3076 3405
3077
3078 4573
3079 3119
3080
3081 4602
3082 3725
3083
3084
3085
3086
3087
3088
3089
3090
3091
3092 3740
3093 4914
3094 3842
3095
3096 3168 4010 4475 4779
3097 3551
3098 4370
3099
3100 4443 4603
3101
3102 3581 4331
3103 3380
3104
3105
3106
3107
3108
3109
3110
3111
3112
3113 3265 3887 4867
3114
3115
3116 4732
3117
3118
3119
3120
3121 3545
3122
3123 3763
3124
3125 3734
3126 3657
3127 3849
3128 4283
3129
3130
3131
3132
3133
3134
3135
3136 3319
3137
3138 3439
3139
3140
3141
3142
3143 4113
3144
3145 3206 4887
3146
3147 4783
3148
3149
3150
3151
3152
3153
3154
3155
3156
3157
3158
3159
3160
3161
3162
3163 3272 3706 4175
3164
3165
3166 4825
3167
3168 3732
3169 4403
3170 3251 4820
3171
3172
3173 4988
3174
3175 3817
3176 4756
3177 3599
3178
3179
3180
3181
3182 3380 3852
3183
3184
3185
3186 3569
3187
3188 3398 3475 3760
3189
3190
3191 3493 3909
3192
3193
3194 4046
3195
3196
3197
3198
3199
3200 4523
3201
3202
3203
3204
3205
3206 3416
3207
3208 3466
3209 3921
3210
3211
3212
3213
3214 3500
3215
3216 4942
3217
3218
3219 3925
3220 3263
3221
3222
3223
3224
3225 4222 4539
3226
3227
3228
3229
3230 3843
3231
3232
3233
3234
3235
3236 3377
3237 4819
3238
3239
3240
3241 3491 3663
3242 4663 4791
3243 3561
3244
3245 4712 4960
3246
3247 4586
3248 3785 4055
3249
3250 3477 4685
3251
3252
3253
3254
3255
3256
3257 3881
3258
3259
3260
3261
3262
3263
3264
3265
3266
3267
3268
3269
3270
3271 3656
3272 4624
3273
3274
3275 3419
3276 3878 3976 4560
3277 4736
3278
3279
3280
3281
3282
3283
3284 3547
3285
3286 4130
3287 4758
3288
3289
3290 4928
3291
3292 3952
3293
3294 3688 4697
3295
3296 4376
3297
3298
3299 3741
3300
3301
3302 3678
3303
3304
3305 4485 4912
3306
3307 3860
3308 3810
3309
3310
3311 4033 4631
3312 4879
3313
3314
3315
3316
3317
3318
3319
3320
3321
3322
3323 4956
3324
3325
3326 3626
3327
3328
3329
3330
3331
3332
3333 4811
3334 4864
3335
3336 4574
3337
3338 4237
3339 3389 3695 3828 4226
3340
3341 4432
3342
3343
3344
3345
3346
3347 3375 3915 3917 4261
3348 3771 4145
3349
3350 3555
3351 3524 4328
3352
3353 3632 3895
3354
3355 3519
3356
3357 4214
3358
3359
3360
3361
3362
3363 3681 3762
3364
3365
3366
3367
3368
3369
3370
3371 4165
3372
3373 3622
3374 4920
3375
3376
3377 3701
3378
3379
3380
3381
3382
3383
3384 3415
3385
3386
3387 4916
3388
3389 4234
3390
3391
3392 3750 3881
3393 3691 3898 4180
3394 3413 3636 4585
3395 4353
3396
3397
3398
3399 4301 4329
3400
3401
3402
3403 4946
3404
3405
3406
3407
3408 4375 4722
3409 4413 4432 4607
3410
3411 4081 4761
3412
3413 4851
3414
3415
3416
3417 3837
3418
3419 3514 4320
3420 4177
3421
3422
3423 3714
3424
3425
3426
3427
3428
3429 4061
3430 3434
3431
3432
3433 4018 4118 4281
3434
3435
3436
3437
3438
3439
3440
3441
3442 4289
3443 3847 4340
3444
3445
3446
3447 4274
3448
3449 4677
3450
3451
3452
3453
3454 4216
3455 4012 4073
3456
3457 4753
3458
3459 4989
3460 3607 3755
3461
3462
3463 4888
3464
3465
3466
3467
3468
3469
3470 4006
3471
3472 3512 3616
3473
3474
3475 3998
3476
3477 4599
3478
3479 3957 4600
3480
3481 4464 4590
3482 3689 4156 4581 4952
3483 4008
3484 3633 4109 4687
3485
3486
3487
3488
3489 4091
3490
3491
3492 3637
3493
3494
3495 4206
3496
3497 3961
3498
3499 4893
3500
3501 4514
3502 4422 4635
3503
3504 4725
3505
3506
3507 3907 4592
3508
3509 4958
3510 4158
3511 4394
3512
3513
3514
3515
3516 4468
3517 4018 4558
3518
3519
3520
3521
3522
3523 3693 4019
3524
3525
3526 4167 4359
3527
3528
3529 4238
3530 4272 4625
3531
3532
3533
3534
3535 4035
3536
3537
3538
3539 3795 4372
3540
3541
3542
3543 3993
3544
3545 4279
3546
3547
3548 3565
3549
3550
3551
3552
3553
3554 3743
3555
3556
3557
3558
3559
3560
3561
3562
3563
3564 3604
3565
3566
3567 3648
3568
3569
3570
3571 4041
3572 3662
3573 4010
3574
3575
3576 4485
3577
3578
3579
3580
3581
3582
3583
3584 3788
3585
3586
3587
3588 4264
3589
3590 3664 4699
3591
3592 4154
3593 3674
3594
3595
3596
3597
3598
3599
3600
3601
3602
3603 4120
3604 4128
3605
3606
3607 4696
3608 4200
3609
3610
3611
3612
3613
3614
3615 3635 4155
3616
3617
3618
3619
3620
3621 3818 4704
3622 4772
3623
3624
3625 4305
3626
3627 3995
3628 4463
3629
3630
3631
3632
3633
3634 3644 4554
3635 4041 4929
3636
3637
3638
3639
3640 3710 4805
3641
3642 4804
3643
3644
3645
3646 4416
3647
3648 4178 4780
3649
3650
3651
3652 3728 4350
3653
3654
3655
3656
3657 3989
3658
3659
3660
3661
3662
3663
3664
3665
3666
3667
3668 4546
3669
3670 4670
3671
3672 4117
3673
3674 3684 4580 4907
3675
3676 3760
3677
3678 4634
3679
3680
3681 4096 4741
3682 4417
3683
3684
3685
3686
3687 4621
3688
3689
3690
3691
3692 4664
3693
3694
3695
3696
3697
3698
3699
3700 4213
3701 3747 3872
3702
3703
3704
3705
3706
3707 3779
3708
3709
3710
3711
3712
3713
3714 3838 4020
3715
3716
3717 4368
3718
3719 4054 4644
3720
3721 4530
3722
3723
3724
3725
3726 4585 4983
3727 3941
3728 4853
3729
3730
3731
3732
3733 4091
3734 4217
3735
3736
3737
3738
3739
3740
3741 4655
3742 4004
3743
3744
3745 4837
3746
3747
3748
3749
3750 3916 3988
3751
3752 4273
3753
3754 4056
3755
3756
3757
3758 3824 4124
3759
3760
3761 3988
3762
3763 3764 3914
3764
3765
3766
3767
3768
3769 3946
3770
3771
3772
3773
3774
3775
3776
3777 4261
3778
3779
3780
3781
3782
3783
3784 4049
3785
3786
3787 4511
3788
3789
3790
3791 3897
3792
3793 4487 4628
3794 4652 4759
3795 4104
3796 4003 4438 4985
3797 3805
3798
3799
3800
3801 4660
3802 4865
3803
3804
3805
3806 4391
3807
3808 4260
3809 4215
3810
3811 4068
3812
3813
3814
3815
3816
3817
3818 4045
3819
3820
3821
3822
3823
3824 4562
3825
3826 4466
3827
3828
3829 3884
3830
3831
3832 4124
3833
3834
3835 4456
3836 4570
3837
3838
3839
3840 4839
3841
3842 4259
3843
3844
3845
3846
3847
3848
3849
3850
3851
3852
3853
3854
3855 4182 4398
3856
3857
3858
3859
3860
3861
3862
3863
3864
3865
3866
3867
3868
3869 4080 4955
3870
3871 4795
3872 4094 4955
3873
3874 4407
3875
3876
3877
3878
3879
3880
3881
3882 4883
3883
3884
3885
3886
3887
3888
3889
3890
3891
3892
3893
3894
3895
3896
3897
3898 3942
3899 4580
3900
3901
3902
3903
3904
3905 4267
3906
3907
3908
3909
3910
3911
3912
3913
3914
3915
3916
3917
3918
3919
3920
3921 4860
3922
3923
3924
3925
3926
3927
3928
3929
3930
3931
3932 4571
3933
3934
3935
3936
3937
3938 4298
3939
3940
3941 4105
3942
3943
3944
3945
3946
3947
3948
3949 4321 4553
3950
3951 4104
3952
3953
3954
3955
3956
3957
3958
3959
3960
3961
3962
3963
3964
3965
3966
3967
3968
3969
3970 4252
3971
3972
3973
3974
3975 4204
3976
3977
3978 4614
3979
3980 4155 4273
3981
3982
3983
3984 4967
3985
3986
3987 4975
3988 4467
3989
3990
3991
3992 4112
3993
3994
3995
3996 4556 4911
3997
3998
3999
4000 4521
4001
4002
4003 4489
4004
4005
4006 4085
4007
4008 4707
4009
4010 4042
4011 4054
4012
4013
4014 4767
4015
4016
4017
4018
4019
4020
4021
4022
4023
4024
4025
4026
4027
4028
4029
4030
4031
4032
4033
4034
4035
4036
4037
4038
4039 4143
4040
4041
4042
4043
4044 4572
4045
4046
4047 4497
4048
4049
4050
4051
4052 4285 4453 4532
4053
4054 4472
4055 4993
4056
4057
4058
4059
4060
4061 4803
4062
4063
4064
4065
4066
4067
4068 4688
4069
4070
4071 4950
4072
4073
4074
4075
4076
4077
4078
4079 4259
4080
4081
4082
4083
4084
4085
4086
4087
4088
4089
4090
4091
4092
4093
4094
4095
4096
4097
4098
4099
4100 4378
4101
4102
4103
4104
4105
4106
4107
4108
4109
4110
4111
4112
4113 4120
4114
4115
4116
4117
4118
4119
4120
4121
4122
4123
4124
4125
4126
4127
4128
4129 4925
4130
4131 4477 4693
4132
4133
4134
4135
4136 4172 4250 4516 4905
4137
4138
4139
4140
4141
4142 4330
4143 4964
4144
4145
4146
4147
4148
4149
4150
4151
4152 4397
4153
4154
4155
4156 4525
4157
4158
4159
4160
4161
4162
4163
4164
4165 4169
4166
4167
4168
4169
4170
4171
4172
4173
4174
4175
4176
4177 4186
4178
4179 4459
4180
4181
4182
4183
4184
4185
4186
4187
4188
4189
4190
4191
4192 4236
4193
4194
4195
4196
4197
4198
4199 4512 4944
4200
4201
4202
4203
4204
4205 4274
4206
4207
4208
4209
4210 4450 4990
4211
4212 4629
4213
4214
4215 4320
4216 4230
4217
4218
4219
4220
4221
4222 4946
4223
4224 4450 4999
4225
4226
4227
4228
4229 4276
4230
4231
4232
4233
4234
4235
4236
4237
4238
4239 4263 4570
4240
4241
4242
4243
4244
4245
4246 4385
4247
4248
4249
4250
4251
4252 4253
4253
4254
4255 4887
4256
4257
4258
4259
4260
4261
4262
4263
4264
4265
4266
4267
4268 4886
4269
4270
4271 4910
4272
4273 4743
4274
4275
4276 4527
4277 4846
4278
4279
4280 4456
4281
4282
4283 4847
4284 4497
4285
4286
4287
4288
4289
4290
4291
4292
4293 4605
4294 4849
4295 4911
4296
4297
4298
4299
4300
4301 4810
4302
4303
4304 4920
4305 4478
4306
4307
4308
4309
4310
4311
4312
4313 4826
4314
4315
4316 4882
4317
4318
4319
4320
4321
4322
4323
4324 4667
4325 4948
4326
4327
4328
4329
4330
4331 4393 4720
4332
4333
4334
4335
4336
4337 4807
4338
4339 4545
4340
4341
4342
4343
4344
4345
4346
4347
4348 4397
4349
4350
4351
4352
4353
4354
4355
4356
4357 4757
4358
4359
4360
4361
4362
4363
4364
4365
4366
4367
4368
4369
4370 4448
4371
4372
4373
4374
4375
4376
4377
4378
4379
4380
4381
4382
4383
4384
4385
4386 4755 4797
4387
4388
4389
4390
4391
4392
4393
4394
4395 4675
4396
4397
4398
4399
4400
4401
4402
4403
4404
4405
4406
4407
4408
4409
4410
4411 4687
4412
4413
4414
4415
4416
4417
4418
4419
4420
4421
4422 4424
4423
4424
4425
4426
4427
4428
4429
4430
4431
4432
4433
4434
4435
4436
4437
4438
4439 4965
4440
4441
4442
4443
4444
4445
4446
4447
4448
4449
4450
4451
4452
4453
4454
4455
4456 4645
4457
4458
4459
4460
4461
4462
4463
4464
4465
4466
4467
4468
4469
4470
4471
4472
4473 4843
4474
4475
4476 4897
4477
4478
4479
4480
4481
4482
4483 4671
4484
4485
4486
4487
4488
4489
4490 4607
4491
4492
4493 4917
4494
4495
4496
4497 4990
4498 4921
4499
4500
4501
4502
4503
4504
4505
4506
4507
4508
4509
4510 4754
4511 4908
4512
4513
4514 4703
4515
4516
4517
4518
4519
4520
4521
4522
4523
4524
4525
4526
4527
4528
4529 4740
4530
4531
4532
4533
4534
4535
4536
4537
4538
4539
4540 4669
4541
4542
4543
4544 4610
4545 4550
4546
4547
4548
4549
4550
4551
4552
4553
4554
4555
4556
4557
4558
4559
4560
4561
4562
4563
4564
4565
4566
4567
4568
4569
4570
4571
4572
4573
4574
4575
4576
4577
4578
4579
4580 4631
4581 4765 4878
4582
4583
4584
4585
4586
4587
4588
4589
4590
4591
4592
4593
4594
4595
4596
4597
4598
4599
4600
4601
4602
4603
4604
4605
4606
4607
4608
4609
4610
4611
4612
4613
4614
4615
4616
4617 4839
4618
4619
4620
4621
4622
4623
4624
4625
4626
4627
4628
4629
4630
4631
4632
4633 4714
4634 4924
4635
4636
4637
4638
4639
4640
4641
4642
4643 4706 4740
4644
4645
4646
4647
4648 4883
4649
4650 4772
4651
4652 4692
4653
4654
4655
4656
4657
4658
4659 4691
4660
4661
4662 4732
4663
4664
4665
4666
4667
4668
4669 4904
4670
4671
4672
4673
4674
4675
4676
4677
4678
4679
4680
4681
4682
4683
4684
4685
4686
4687
4688
4689 4959
4690
4691
4692
4693
4694
4695
4696
4697
4698
4699
4700
4701
4702
4703
4704
4705
4706 4948
4707
4708
4709
4710
4711
4712 4762
4713
4714
4715
4716
4717
4718
4719
4720
4721
4722
4723
4724 4799
4725
4726
4727
4728
4729
4730
4731
4732
4733
4734
4735
4736
4737
4738
4739
4740
4741
4742
4743 4831
4744
4745
4746
4747
4748
4749
4750
4751
4752
4753
4754
4755
4756
4757
4758
4759
4760
4761
4762
4763
4764
4765
4766
4767
4768
4769
4770
4771
4772
4773
4774
4775
4776
4777
4778
4779
4780
4781
4782
4783 4833
4784
4785 4939
4786
4787
4788
4789
4790
4791
4792
4793
4794
4795
4796
4797
4798 4849
4799
4800
4801
4802
4803
4804
4805
4806
4807
4808
4809
4810
4811
4812
4813
4814
4815
4816
4817
4818
4819
4820
4821
4822
4823
4824
4825
4826
4827
4828
4829
4830
4831
4832
4833
4834
4835
4836
4837
4838
4839
4840
4841
4842
4843
4844
4845
4846
4847
4848
4849
4850
4851
4852
4853
4854
4855
4856
4857
4858
4859
4860
4861
4862
4863
4864
4865
4866
4867
4868
4869
4870
4871
4872
4873
4874
4875
4876
4877
4878
4879
4880
4881
4882
4883
4884
4885
4886
4887
4888
4889
4890
4891
4892
4893
4894
4895
4896
4897
4898
4899
4900
4901
4902
4903
4904
4905
4906
4907
4908
4909
4910
4911
4912
4913
4914
4915
4916
4917
4918
4919
4920
4921
4922
4923
4924
4925
4926
4927
4928
4929
4930
4931
4932
4933
4934
4935
4936
4937
4938
4939
4940
4941
4942
4943
4944
4945
4946
4947
4948
4949
4950
4951
4952
4953
4954
4955
4956
4957
4958
4959
4960
4961
4962
4963
4964
4965
4966
4967
4968
4969
4970
4971
4972
4973
4974
4975
4976
4977
4978
4979
4980
4981
4982
4983
4984
4985
4986
4987
4988
4989
4990
4991
4992
4993
4994
4995
4996
4997
4998
4999
