#C:/Users/timos/Documents/GitHub/simulating-vaccinations/code/network.py
# GMT Sun Dec  2 15:28:35 2018
# 
0 2 3 5 30 52 62 94 95 97 108 123 132 162 172 236 279 294 319 334 349 415 473 567
1 2 5 13 14 64 84 139 153 210 460 583 653 689
2 3 4 8 9 10 13 14 19 21 25 26 28 34 40 41 43 46 54 56 58 78 81 88 99 107 111 122 128 129 133 134 139 144 155 167 174 177 186 193 212 223 238 250 263 267 273 289 300 303 309 311 312 314 319 335 357 370 376 397 411 422 426 477 478 497 499 533 535 543 659 671 699
3 4 6 7 8 9 10 11 12 15 16 17 18 19 22 24 27 28 29 32 36 39 42 43 44 47 49 52 53 59 77 78 80 89 91 102 103 106 108 112 117 119 130 131 138 143 145 151 152 153 159 168 181 187 190 192 194 200 206 207 216 220 227 247 248 264 266 269 275 295 296 302 310 316 318 321 323 329 335 347 350 352 355 366 372 374 377 383 389 396 404 406 417 420 430 437 443 447 463 468 469 474 480 486 487 493 539 544 545 546 555 559 562 566 569 572 586 599 617 626 627 647 652 653 654 666 674 690
4 22 32 58 110 185 210 356 384 404 468 536 608 635 675
5 6 7 11 31 45 66 69 74 84 92 140 151 190 207 237 268 385 411 464 640 662
6 12 15 21 23 36 118 141 226 238 286 463 472 595 668 697
7 79 90 239 291 571
8 44 50 71 72 132 217 251 259 505 645
9 112 124 299 342 358 387
10 20 35 50 149 234 303 337 391 571 572 621 657 674 691
11 23 35 37 77 91 116 146 179 219 257 272 278 352 456 548 560
12 29 48 49 55 61 69 92 144 156 157 226 298 309 393 440 454
13 24 33 79 83 93 106 109 128 196 209 213 304 361 435 440 442 443 593 673
14 16 17 18 25 41 63 65 67 75 120 152 155 156 158 164 192 240 279 320 324 354 363 382 421 429 486 549 600 656
15 30 89 168 509
16 82 104 224 522 658
17 206 567
18 20 39 56 76 82 96 109 113 174 191 213 230 356 405 494 506 555 649 681 692 693 694
19 76 115 188 268 353 452 516 634
20 26 27 40 45 55 75 96 99 105 113 142 256 359 390 520 594 645 663
21 101 130 416 459 552 664 665
22 72 81 98 148 163 324 366 523 668 687 696
23 38 86 345 436 677
24 70 97 170 296 428 438 554 576
25 387
26 31 34 63 110 157 180 200 471 644 698
27 38 47 51 59 73 80 95 101 114 140 167 169 182 194 196 224 250 253 273 275 346 348 367 396 432 472 485 532 592 612 672
28 57 184 258 277 310 332 362 394 649 671
29 236 274 481
30 42 46 129 180 220 222 230 255 291 331 338 394 413 476 529 530 563 594 603 640 646
31 135 214 283 311 405 431
32 33 48 87 105 245
33 37 53 93 111 127 225 284 342 346 398 406 483 524 608
34 232
35 100 266 322 513
36 51 628
37 57 122 161 165 215 301 381 488
38 87 173
39 103 201 249 280 382 414 518 609
40
41 54 64 173 261 528 678
42 74 94 166 177 217 276 395 446 519 591 601 636 683
43 67 123 137 162 212 241 290 321 380 455 484 549 588 624 665
44 88 247 367
45 232
46 260
47 478 480
48 163 178 288 428 556 682
49 165 183
50 60 73 120 138 159 203 229 282 336 351 393 446 623
51 62 68 85 100 147 179 189 280 334 383 447 462 471 515 679
52 60 65 68 328
53
54 61 629
55
56 70 170 227 265 293 504 521 526 573 583 676
57 71 104 118 305 343 375 651
58 83 90 125 136 202 269 283 407 424
59 225 421 460 491
60 126 142 154 164 169 198 218 240 306 313 364 410 419 434
61 182 228 327 418 457 521 556
62
63 257 333
64 66 85 145 150 369 438 439 598 604
65 659
66 363
67 295 483
68 107 121 322 498
69 199 204
70 119 131 143 189 249 351 357 381 432 433 436 542 631
71 264
72 550
73
74
75 136 150 234 256
76 284 574
77 86 537
78 203 652
79 551
80 137
81 195 258
82
83
84 117
85 251 479 513 558
86 327 425 560 650
87 114 197 413 596
88 98 569
89
90
91 216 558
92 176 278 464 487 514
93 373 375 605
94 171 209 444
95
96 133 305 449 632
97 146 185 287 315 398 407 629 660
98 141 204 611
99 330
100 102 125 135 175 228 586
101
102 121 187 409 412
103 124 181 188 191 211 223 241 344 504 606 607
104 233
105 127 297 368 385 658 680
106 116 262
107 271 547
108 115 198 235 277 286 287 297 453
109 422 698
110 641
111
112
113 195 294
114 318
115 160 199 245 270 359 412 667
116 519
117 314
118 242 281 329 621 654
119 126
120 495
121 221 354 360
122 353 441
123 171
124 526 638
125 161 205 244 339 343 410 574
126 134 317 399
127 244 325 470 553
128 193 409
129 235 271 361 419 551
130 379
131 255 267 292 415 431 465 479
132 147
133 149 201 637
134 148 328 345 518
135 374 503 510
136 233
137 500 531
138 611
139 260 285 341 585
140 392 524 578 663
141
142 172 178 183 380 613
143 299 655
144
145 154 482 641
146 350 360 541
147 197 312 427 481 565 584 593 618 669
148 166 501 648
149 475
150 344 355 540 565
151 439
152 158 160 176 184 448 467 499 562 616 622 683
153 186 323 476 505
154 495
155 202
156 221 276 423 458 531 563 564 643
157
158 211 317 561
159 252 496 554
160 290 448 523 527 603 609 616
161 274
162 218 289 403 420 466 543
163
164 442
165 214 229
166 553 607
167
168 454 508
169 557
170 175 493 684
171
172
173 231 373 678
174 517
175 462
176 315 498
177 445 581 589
178
179 338
180 427 489 532
181 263 516
182 308 313 331 376 662
183 433 638
184 618
185 262 304 320 534
186 529 535
187 485
188 239 372 441 587
189 614
190 208 219
191 461 597
192
193
194 231 390 537
195 341 512
196 237 254 326 459 623
197
198 402
199 205 208 253 270 386 575
200
201 261
202 265
203 242 288
204
205 417
206 243 337 449 661
207
208 541 615
209 673
210 490
211 215 254 285 347 435 589 592 694
212 222
213 534 635
214 281 378
215
216 386 414
217 388
218 298
219 246 688
220 340
221
222
223
224 246 502
225
226 272
227
228
229 307 494
230 243 423 477 542
231
232
233 378 547
234 300 538
235
236 252 474 579 685
237 660
238 371 430 600
239 248
240 349 457 492
241 642
242
243 444
244 426
245
246
247 368 475 605
248 308 339 371 473 680 692
249
250 332 395 401
251 364
252
253
254
255
256
257 259
258 408 568 631 685 686
259 326 667
260 507
261 506
262 461 643
263
264 307 602
265 606
266 620
267
268 293
269
270
271
272 602
273
274 620 655
275
276 511
277 292 388 400 695
278
279
280
281 282
282
283
284 301
285 434 450 451 639
286 636
287 336 580
288 520 559
289 544 582
290 377
291
292 358 384 450 500
293 325 453
294 610
295 403 585
296 302 306 316 365 490 527 577 579 614 681
297 379 416
298
299 619
300
301
302
303
304 528
305 548
306
307 362 509
308
309
310
311 686
312 330
313 425
314 502
315 333 392
316 418
317
318 340 467 624 666
319 550
320 597
321 348 511 536
322 578 595 656 693
323 451
324
325
326
327 365
328 429
329 675
330
331
332 389
333
334
335
336 470
337
338 399 456
339 491 590
340 501
341 538
342
343 482
344
345 391
346 452 661
347
348
349 517 552 688
350
351 455
352 369
353
354
355
356
357 596
358 598 615
359
360
361 545
362 370 402 525 539 568 677
363
364
365 466 676
366
367 400
368 557 561
369
370
371
372 401
373 503
374
375 437 588 697
376
377 632
378 577
379 408 508 576 651 657
380 397
381 458
382
383
384
385
386 514
387 424 507 575
388
389 546 582
390 564 679
391
392 512 691
393 484
394
395 465
396 488
397
398
399 591
400 644
401
402
403
404
405
406
407 522 566
408
409
410 625
411
412
413
414 642
415
416
417
418
419
420
421
422
423
424
425 525
426 634
427
428
429 445
430
431 496 622
432
433
434
435
436 684
437
438
439
440 497
441
442
443 610
444
445
446
447 515
448
449 530
450
451
452 469 533 599
453 489
454
455 617 669 670 687
456
457
458
459
460
461
462 682
463 619
464
465
466 540
467 672
468
469
470 510 613 646
471
472
473 630
474 647
475
476 570
477 630
478 492
479
480
481 695
482
483
484 570
485
486
487
488
489
490
491
492 584
493
494 627
495
496
497 664
498
499
500
501
502
503
504
505 604
506 633
507
508 580
509
510
511
512
513
514 573
515
516
517 590
518
519
520
521
522
523
524 601
525
526
527
528
529
530
531
532
533
534
535
536
537
538
539 633
540
541
542
543
544 639
545
546
547 650
548
549
550
551
552
553
554 628
555
556
557
558
559
560
561
562
563
564
565 670
566
567
568
569
570 581
571 587
572
573
574
575
576
577
578
579 626
580 689
581
582
583
584
585
586
587
588
589
590 625 696
591
592
593
594
595
596
597
598
599
600
601
602 612
603
604
605
606
607
608
609
610
611
612
613
614
615
616
617
618 690
619
620
621
622
623
624
625
626
627 648
628
629
630
631 637
632
633
634
635
636
637
638
639
640
641
642
643
644
645
646
647
648
649
650
651
652
653
654
655
656
657
658
659
660
661
662
663
664
665
666
667
668
669
670
671
672
673
674 699
675
676
677
678
679
680
681
682
683
684
685
686
687
688
689
690
691
692
693
694
695
696
697
698
699
